#x_um	profile_y
0.000000	1.000000
1.019000	1.000000
2.038000	1.000000
3.057000	1.000000
4.076000	1.000000
5.095000	1.000000
6.114000	1.000000
7.133000	1.000000
8.152000	1.000000
9.171000	1.000000
10.190000	1.000000
11.209000	1.000000
12.228000	1.000000
13.247000	1.000000
14.266000	1.000000
15.285000	1.000000
16.304000	1.000000
17.323000	1.000000
18.342000	1.000000
19.361000	1.000000
20.380000	1.000000
21.399000	1.000000
22.418000	1.000000
23.437000	1.000000
24.456000	1.000000
25.475000	1.000000
26.494000	1.000000
27.513000	1.000000
28.532000	1.000000
29.551000	1.000000
30.570000	1.000000
31.589000	1.000000
32.608000	1.000000
33.627000	1.000000
34.646000	1.000000
35.665000	1.000000
36.684000	1.000000
37.703000	1.000000
38.722000	1.000000
39.741000	1.000000
40.760000	1.000000
41.779000	1.000000
42.798000	1.000000
43.817000	1.000000
44.836000	1.000000
45.855000	1.000000
46.874000	1.000000
47.893000	1.000000
48.912000	1.000000
49.931000	1.000000
50.950000	1.000000
51.969000	1.000000
52.988000	1.000000
54.007000	1.000000
55.026000	1.000000
56.045000	1.000000
57.064000	1.000000
58.083000	1.000000
59.102000	1.000000
60.121000	1.000000
61.140000	1.000000
62.159000	1.000000
63.178000	1.000000
64.197000	1.000000
65.216000	1.000000
66.235000	1.000000
67.254000	1.000000
68.273000	1.000000
69.292000	1.000000
70.311000	1.000000
71.330000	1.000000
72.349000	1.000000
73.368000	1.000000
74.387000	1.000000
75.406000	1.000000
76.425000	1.000000
77.444000	1.000000
78.463000	1.000000
79.482000	1.000000
80.501000	1.000000
81.520000	1.000000
82.539000	1.000000
83.558000	1.000000
84.577000	1.000000
85.596000	1.000000
86.615000	1.000000
87.634000	1.000000
88.653000	1.000000
89.672000	1.000000
90.691000	1.000000
91.710000	1.000000
92.729000	1.000000
93.748000	1.000000
94.767000	1.000000
95.786000	1.000000
96.805000	1.000000
97.824000	1.000000
98.843000	1.000000
99.862000	1.000000
100.881000	1.000000
101.900000	1.000000
102.919000	1.000000
103.938000	1.000000
104.957000	1.000000
105.976000	1.000000
106.995000	1.000000
108.014000	1.000000
109.033000	1.000000
110.052000	1.000000
111.071000	1.000000
112.090000	1.000000
113.109000	1.000000
114.128000	1.000000
115.147000	1.000000
116.166000	1.000000
117.185000	1.000000
118.204000	1.000000
119.223000	1.000000
120.242000	1.000000
121.261000	1.000000
122.280000	1.000000
123.299000	1.000000
124.318000	1.000000
125.337000	1.000000
126.356000	1.000000
127.375000	1.000000
128.394000	1.000000
129.413000	1.000000
130.432000	1.000000
131.451000	1.000000
132.470000	1.000000
133.489000	1.000000
134.508000	1.000000
135.527000	1.000000
136.546000	1.000000
137.565000	1.000000
138.584000	1.000000
139.603000	1.000000
140.622000	1.000000
141.641000	1.000000
142.660000	1.000000
143.679000	1.000000
144.698000	1.000000
145.717000	1.000000
146.736000	1.000000
147.755000	1.000000
148.774000	1.000000
149.793000	1.000000
150.812000	1.000000
151.831000	1.000000
152.850000	1.000000
153.869000	1.000000
154.888000	1.000000
155.907000	1.000000
156.926000	1.000000
157.945000	1.000000
158.964000	1.000000
159.983000	1.000000
161.002000	1.000000
162.021000	1.000000
163.040000	1.000000
164.059000	1.000000
165.078000	1.000000
166.097000	1.000000
167.116000	1.000000
168.135000	1.000000
169.154000	1.000000
170.173000	1.000000
171.192000	1.000000
172.211000	1.000000
173.230000	1.000000
174.249000	1.000000
175.268000	1.000000
176.287000	1.000000
177.306000	1.000000
178.325000	1.000000
179.344000	1.000000
180.363000	1.000000
181.382000	1.000000
182.401000	1.000000
183.420000	1.000000
184.439000	1.000000
185.458000	1.000000
186.477000	1.000000
187.496000	1.000000
188.515000	1.000000
189.534000	1.000000
190.553000	1.000000
191.572000	1.000000
192.591000	1.000000
193.610000	1.000000
194.629000	1.000000
195.648000	1.000000
196.667000	1.000000
197.686000	1.000000
198.705000	1.000000
199.724000	1.000000
200.743000	1.000000
201.762000	1.000000
202.781000	1.000000
203.800000	1.000000
204.819000	1.000000
205.838000	1.000000
206.857000	1.000000
207.876000	1.000000
208.895000	1.000000
209.914000	1.000000
210.933000	1.000000
211.952000	1.000000
212.971000	1.000000
213.990000	1.000000
215.009000	1.000000
216.028000	1.000000
217.047000	1.000000
218.066000	1.000000
219.085000	1.000000
220.104000	1.000000
221.123000	1.000000
222.142000	1.000000
223.161000	1.000000
224.180000	1.000000
225.199000	1.000000
226.218000	1.000000
227.237000	1.000000
228.256000	1.000000
229.275000	1.000000
230.294000	1.000000
231.313000	1.000000
232.332000	1.000000
233.351000	1.000000
234.370000	1.000000
235.389000	1.000000
236.408000	1.000000
237.427000	1.000000
238.446000	1.000000
239.465000	1.000000
240.484000	1.000000
241.503000	1.000000
242.522000	1.000000
243.541000	1.000000
244.560000	1.000000
245.579000	1.000000
246.598000	1.000000
247.617000	1.000000
248.636000	1.000000
249.655000	1.000000
250.674000	1.000000
251.693000	1.000000
252.712000	1.000000
253.731000	1.000000
254.750000	1.000000
255.769000	1.000000
256.788000	1.000000
257.807000	1.000000
258.826000	1.000000
259.845000	1.000000
260.864000	1.000000
261.883000	1.000000
262.902000	1.000000
263.921000	1.000000
264.940000	1.000000
265.959000	1.000000
266.978000	1.000000
267.997000	1.000000
269.016000	1.000000
270.035000	1.000000
271.054000	1.000000
272.073000	1.000000
273.092000	1.000000
274.111000	1.000000
275.130000	1.000000
276.149000	1.000000
277.168000	1.000000
278.187000	1.000000
279.206000	1.000000
280.225000	1.000000
281.244000	1.000000
282.263000	1.000000
283.282000	1.000000
284.301000	1.000000
285.320000	1.000000
286.339000	1.000000
287.358000	1.000000
288.377000	1.000000
289.396000	1.000000
290.415000	1.000000
291.434000	1.000000
292.453000	1.000000
293.472000	1.000000
294.491000	1.000000
295.510000	1.000000
296.529000	1.000000
297.548000	1.000000
298.567000	1.000000
299.586000	1.000000
300.605000	1.000000
301.624000	1.000000
302.643000	1.000000
303.662000	1.000000
304.681000	1.000000
305.700000	1.000000
306.719000	1.000000
307.738000	1.000000
308.757000	1.000000
309.776000	1.000000
310.795000	1.000000
311.814000	1.000000
312.833000	1.000000
313.852000	1.000000
314.871000	1.000000
315.890000	1.000000
316.909000	1.000000
317.928000	1.000000
318.947000	1.000000
319.966000	1.000000
320.985000	1.000000
322.004000	1.000000
323.023000	1.000000
324.042000	1.000000
325.061000	1.000000
326.080000	1.000000
327.099000	1.000000
328.118000	1.000000
329.137000	1.000000
330.156000	1.000000
331.175000	1.000000
332.194000	1.000000
333.213000	1.000000
334.232000	1.000000
335.251000	1.000000
336.270000	1.000000
337.289000	1.000000
338.308000	1.000000
339.327000	1.000000
340.346000	1.000000
341.365000	1.000000
342.384000	1.000000
343.403000	1.000000
344.422000	1.000000
345.441000	1.000000
346.460000	1.000000
347.479000	1.000000
348.498000	1.000000
349.517000	1.000000
350.536000	1.000000
351.555000	1.000000
352.574000	1.000000
353.593000	1.000000
354.612000	1.000000
355.631000	1.000000
356.650000	1.000000
357.669000	1.000000
358.688000	1.000000
359.707000	1.000000
360.726000	1.000000
361.745000	1.000000
362.764000	1.000000
363.783000	1.000000
364.802000	1.000000
365.821000	1.000000
366.840000	1.000000
367.859000	1.000000
368.878000	1.000000
369.897000	1.000000
370.916000	1.000000
371.935000	1.000000
372.954000	1.000000
373.973000	1.000000
374.992000	1.000000
376.011000	1.000000
377.030000	1.000000
378.049000	1.000000
379.068000	1.000000
380.087000	1.000000
381.106000	1.000000
382.125000	1.000000
383.144000	1.000000
384.163000	1.000000
385.182000	1.000000
386.201000	1.000000
387.220000	1.000000
388.239000	1.000000
389.258000	1.000000
390.277000	1.000000
391.296000	1.000000
392.315000	1.000000
393.334000	1.000000
394.353000	1.000000
395.372000	1.000000
396.391000	1.000000
397.410000	1.000000
398.429000	1.000000
399.448000	1.000000
400.467000	1.000000
401.486000	1.000000
402.505000	1.000000
403.524000	1.000000
404.543000	1.000000
405.562000	1.000000
406.581000	1.000000
407.600000	1.000000
408.619000	1.000000
409.638000	1.000000
410.657000	1.000000
411.676000	1.000000
412.695000	1.000000
413.714000	1.000000
414.733000	1.000000
415.752000	1.000000
416.771000	1.000000
417.790000	1.000000
418.809000	1.000000
419.828000	1.000000
420.847000	1.000000
421.866000	1.000000
422.885000	1.000000
423.904000	1.000000
424.923000	1.000000
425.942000	1.000000
426.961000	1.000000
427.980000	1.000000
428.999000	1.000000
430.018000	1.000000
431.037000	1.000000
432.056000	1.000000
433.075000	1.000000
434.094000	1.000000
435.113000	1.000000
436.132000	1.000000
437.151000	1.000000
438.170000	1.000000
439.189000	1.000000
440.208000	1.000000
441.227000	1.000000
442.246000	1.000000
443.265000	1.000000
444.284000	1.000000
445.303000	1.000000
446.322000	1.000000
447.341000	1.000000
448.360000	1.000000
449.379000	1.000000
450.398000	1.000000
451.417000	1.000000
452.436000	1.000000
453.455000	1.000000
454.474000	1.000000
455.493000	1.000000
456.512000	1.000000
457.531000	1.000000
458.550000	1.000000
459.569000	1.000000
460.588000	1.000000
461.607000	1.000000
462.626000	1.000000
463.645000	1.000000
464.664000	1.000000
465.683000	1.000000
466.702000	1.000000
467.721000	1.000000
468.740000	1.000000
469.759000	1.000000
470.778000	1.000000
471.797000	1.000000
472.816000	1.000000
473.835000	1.000000
474.854000	1.000000
475.873000	1.000000
476.892000	1.000000
477.911000	1.000000
478.930000	1.000000
479.949000	1.000000
480.968000	1.000000
481.987000	1.000000
483.006000	1.000000
484.025000	1.000000
485.044000	1.000000
486.063000	1.000000
487.082000	1.000000
488.101000	1.000000
489.120000	1.000000
490.139000	1.000000
491.158000	1.000000
492.177000	1.000000
493.196000	1.000000
494.215000	1.000000
495.234000	1.000000
496.253000	1.000000
497.272000	1.000000
498.291000	1.000000
499.310000	1.000000
500.329000	1.000000
501.348000	1.000000
502.367000	1.000000
503.386000	1.000000
504.405000	1.000000
505.424000	1.000000
506.443000	1.000000
507.462000	1.000000
508.481000	1.000000
509.500000	1.000000
510.519000	1.000000
511.538000	1.000000
512.557000	1.000000
513.576000	1.000000
514.595000	1.000000
515.614000	1.000000
516.633000	1.000000
517.652000	1.000000
518.671000	1.000000
519.690000	1.000000
520.709000	1.000000
521.728000	1.000000
522.747000	1.000000
523.766000	1.000000
524.785000	1.000000
525.804000	1.000000
526.823000	1.000000
527.842000	1.000000
528.861000	1.000000
529.880000	1.000000
530.899000	1.000000
531.918000	1.000000
532.937000	1.000000
533.956000	1.000000
534.975000	1.000000
535.994000	1.000000
537.013000	1.000000
538.032000	1.000000
539.051000	1.000000
540.070000	1.000000
541.089000	1.000000
542.108000	1.000000
543.127000	1.000000
544.146000	1.000000
545.165000	1.000000
546.184000	1.000000
547.203000	1.000000
548.222000	1.000000
549.241000	1.000000
550.260000	1.000000
551.279000	1.000000
552.298000	1.000000
553.317000	1.000000
554.336000	1.000000
555.355000	1.000000
556.374000	1.000000
557.393000	1.000000
558.412000	1.000000
559.431000	1.000000
560.450000	1.000000
561.469000	1.000000
562.488000	1.000000
563.507000	1.000000
564.526000	1.000000
565.545000	1.000000
566.564000	1.000000
567.583000	1.000000
568.602000	1.000000
569.621000	1.000000
570.640000	1.000000
571.659000	1.000000
572.678000	1.000000
573.697000	1.000000
574.716000	1.000000
575.735000	1.000000
576.754000	1.000000
577.773000	1.000000
578.792000	1.000000
579.811000	1.000000
580.830000	1.000000
581.849000	1.000000
582.868000	1.000000
583.887000	1.000000
584.906000	1.000000
585.925000	1.000000
586.944000	1.000000
587.963000	1.000000
588.982000	1.000000
590.001000	1.000000
591.020000	1.000000
592.039000	1.000000
593.058000	1.000000
594.077000	1.000000
595.096000	1.000000
596.115000	1.000000
597.134000	1.000000
598.153000	1.000000
599.172000	1.000000
600.191000	1.000000
601.210000	1.000000
602.229000	1.000000
603.248000	1.000000
604.267000	1.000000
605.286000	1.000000
606.305000	1.000000
607.324000	1.000000
608.343000	1.000000
609.362000	1.000000
610.381000	1.000000
611.400000	1.000000
612.419000	1.000000
613.438000	1.000000
614.457000	1.000000
615.476000	1.000000
616.495000	1.000000
617.514000	1.000000
618.533000	1.000000
619.552000	1.000000
620.571000	1.000000
621.590000	1.000000
622.609000	1.000000
623.628000	1.000000
624.647000	1.000000
625.666000	1.000000
626.685000	1.000000
627.704000	1.000000
628.723000	1.000000
629.742000	1.000000
630.761000	1.000000
631.780000	1.000000
632.799000	1.000000
633.818000	1.000000
634.837000	1.000000
635.856000	1.000000
636.875000	1.000000
637.894000	1.000000
638.913000	1.000000
639.932000	1.000000
640.951000	1.000000
641.970000	1.000000
642.989000	1.000000
644.008000	1.000000
645.027000	1.000000
646.046000	1.000000
647.065000	1.000000
648.084000	1.000000
649.103000	1.000000
650.122000	1.000000
651.141000	1.000000
652.160000	1.000000
653.179000	1.000000
654.198000	1.000000
655.217000	1.000000
656.236000	1.000000
657.255000	1.000000
658.274000	1.000000
659.293000	1.000000
660.312000	1.000000
661.331000	1.000000
662.350000	1.000000
663.369000	1.000000
664.388000	1.000000
665.407000	1.000000
666.426000	1.000000
667.445000	1.000000
668.464000	1.000000
669.483000	1.000000
670.502000	1.000000
671.521000	1.000000
672.540000	1.000000
673.559000	1.000000
674.578000	1.000000
675.597000	1.000000
676.616000	1.000000
677.635000	1.000000
678.654000	1.000000
679.673000	1.000000
680.692000	1.000000
681.711000	1.000000
682.730000	1.000000
683.749000	1.000000
684.768000	1.000000
685.787000	1.000000
686.806000	1.000000
687.825000	1.000000
688.844000	1.000000
689.863000	1.000000
690.882000	1.000000
691.901000	1.000000
692.920000	1.000000
693.939000	1.000000
694.958000	1.000000
695.977000	1.000000
696.996000	1.000000
698.015000	1.000000
699.034000	1.000000
700.053000	1.000000
701.072000	1.000000
702.091000	1.000000
703.110000	1.000000
704.129000	1.000000
705.148000	1.000000
706.167000	1.000000
707.186000	1.000000
708.205000	1.000000
709.224000	1.000000
710.243000	1.000000
711.262000	1.000000
712.281000	1.000000
713.300000	1.000000
714.319000	1.000000
715.338000	1.000000
716.357000	1.000000
717.376000	1.000000
718.395000	1.000000
719.414000	1.000000
720.433000	1.000000
721.452000	1.000000
722.471000	1.000000
723.490000	1.000000
724.509000	1.000000
725.528000	1.000000
726.547000	1.000000
727.566000	1.000000
728.585000	1.000000
729.604000	1.000000
730.623000	1.000000
731.642000	1.000000
732.661000	1.000000
733.680000	1.000000
734.699000	1.000000
735.718000	1.000000
736.737000	1.000000
737.756000	1.000000
738.775000	1.000000
739.794000	1.000000
740.813000	1.000000
741.832000	1.000000
742.851000	1.000000
743.870000	1.000000
744.889000	1.000000
745.908000	1.000000
746.927000	1.000000
747.946000	1.000000
748.965000	1.000000
749.984000	1.000000
751.003000	1.000000
752.022000	1.000000
753.041000	1.000000
754.060000	1.000000
755.079000	1.000000
756.098000	1.000000
757.117000	1.000000
758.136000	1.000000
759.155000	1.000000
760.174000	1.000000
761.193000	1.000000
762.212000	1.000000
763.231000	1.000000
764.250000	1.000000
765.269000	1.000000
766.288000	1.000000
767.307000	1.000000
768.326000	1.000000
769.345000	1.000000
770.364000	1.000000
771.383000	1.000000
772.402000	1.000000
773.421000	1.000000
774.440000	1.000000
775.459000	1.000000
776.478000	1.000000
777.497000	1.000000
778.516000	1.000000
779.535000	1.000000
780.554000	1.000000
781.573000	1.000000
782.592000	1.000000
783.611000	1.000000
784.630000	1.000000
785.649000	1.000000
786.668000	1.000000
787.687000	1.000000
788.706000	1.000000
789.725000	1.000000
790.744000	1.000000
791.763000	1.000000
792.782000	1.000000
793.801000	1.000000
794.820000	1.000000
795.839000	1.000000
796.858000	1.000000
797.877000	1.000000
798.896000	1.000000
799.915000	1.000000
800.934000	1.000000
801.953000	1.000000
802.972000	1.000000
803.991000	1.000000
805.010000	1.000000
806.029000	1.000000
807.048000	1.000000
808.067000	1.000000
809.086000	1.000000
810.105000	1.000000
811.124000	1.000000
812.143000	1.000000
813.162000	1.000000
814.181000	1.000000
815.200000	1.000000
816.219000	1.000000
817.238000	1.000000
818.257000	1.000000
819.276000	1.000000
820.295000	1.000000
821.314000	1.000000
822.333000	1.000000
823.352000	1.000000
824.371000	1.000000
825.390000	1.000000
826.409000	1.000000
827.428000	1.000000
828.447000	1.000000
829.466000	1.000000
830.485000	1.000000
831.504000	1.000000
832.523000	1.000000
833.542000	1.000000
834.561000	1.000000
835.580000	1.000000
836.599000	1.000000
837.618000	1.000000
838.637000	1.000000
839.656000	1.000000
840.675000	1.000000
841.694000	1.000000
842.713000	1.000000
843.732000	1.000000
844.751000	1.000000
845.770000	1.000000
846.789000	1.000000
847.808000	1.000000
848.827000	1.000000
849.846000	1.000000
850.865000	1.000000
851.884000	1.000000
852.903000	1.000000
853.922000	1.000000
854.941000	1.000000
855.960000	1.000000
856.979000	1.000000
857.998000	1.000000
859.017000	1.000000
860.036000	1.000000
861.055000	0.999994
862.074000	0.997565
863.093000	0.990780
864.112000	0.979716
865.131000	0.964499
866.150000	0.945301
867.169000	0.922342
868.188000	0.895882
869.207000	0.866222
870.226000	0.833700
871.245000	0.798686
872.264000	0.761577
873.283000	0.722797
874.302000	0.682787
875.321000	0.642001
876.340000	0.600903
877.359000	0.559962
878.378000	0.519642
879.397000	0.480403
880.416000	0.442691
881.435000	0.406934
882.454000	0.373541
883.473000	0.342889
884.492000	0.315330
885.511000	0.291174
886.530000	0.270699
887.549000	0.254136
888.568000	0.241674
889.587000	0.233454
890.606000	0.229571
891.625000	0.229243
892.644000	0.230605
893.663000	0.233319
894.682000	0.237350
895.701000	0.242653
896.720000	0.249170
897.739000	0.256818
898.758000	0.265478
899.777000	0.274978
900.796000	0.285060
901.815000	0.295357
902.834000	0.305400
903.853000	0.314610
904.872000	0.321502
905.891000	0.321868
906.910000	0.313907
907.929000	0.306437
908.948000	0.307653
909.967000	0.315546
910.986000	0.326950
912.005000	0.340803
913.024000	0.355387
914.043000	0.368930
915.062000	0.381552
916.081000	0.393996
917.100000	0.406035
918.119000	0.416908
919.138000	0.426239
920.157000	0.433722
921.176000	0.439434
922.195000	0.444211
923.214000	0.448714
924.233000	0.452490
925.252000	0.454804
926.271000	0.455512
927.290000	0.454890
928.309000	0.453711
929.328000	0.453400
930.347000	0.455325
931.366000	0.460229
932.385000	0.467856
933.404000	0.476584
934.423000	0.484617
935.442000	0.491469
936.461000	0.497549
937.480000	0.502799
938.499000	0.507067
939.518000	0.510210
940.537000	0.511927
941.556000	0.512019
942.575000	0.510642
943.594000	0.508381
944.613000	0.506174
945.632000	0.504883
946.651000	0.504058
947.670000	0.502752
948.689000	0.501173
949.708000	0.500366
950.727000	0.500189
951.746000	0.499011
952.765000	0.496534
953.784000	0.494965
954.803000	0.496351
955.822000	0.501693
956.841000	0.510432
957.860000	0.520629
958.879000	0.529971
959.898000	0.536251
960.917000	0.538130
961.936000	0.536483
962.955000	0.534292
963.974000	0.534633
964.993000	0.538570
966.012000	0.544330
967.031000	0.549226
968.050000	0.552180
969.069000	0.553753
970.088000	0.555550
971.107000	0.558974
972.126000	0.564523
973.145000	0.571668
974.164000	0.579182
975.183000	0.585427
976.202000	0.589312
977.221000	0.591836
978.240000	0.595249
979.259000	0.600882
980.278000	0.608476
981.297000	0.616916
982.316000	0.624639
983.335000	0.630062
984.354000	0.631831
985.373000	0.629539
986.392000	0.624063
987.411000	0.616600
988.430000	0.608448
989.449000	0.601193
990.468000	0.596293
991.487000	0.595782
992.506000	0.601116
993.525000	0.610669
994.544000	0.620700
995.563000	0.627966
996.582000	0.630946
997.601000	0.630144
998.620000	0.627223
999.639000	0.622776
1000.658000	0.617164
1001.677000	0.611813
1002.696000	0.608296
1003.715000	0.607583
1004.734000	0.609268
1005.753000	0.612150
1006.772000	0.616047
1007.791000	0.621471
1008.810000	0.628359
1009.829000	0.636508
1010.848000	0.645921
1011.867000	0.655275
1012.886000	0.661336
1013.905000	0.661003
1014.924000	0.654720
1015.943000	0.647062
1016.962000	0.642998
1017.981000	0.646006
1019.000000	0.656301
1020.019000	0.668922
1021.038000	0.677287
1022.057000	0.678004
1023.076000	0.673336
1024.095000	0.668384
1025.114000	0.665333
1026.133000	0.664305
1027.152000	0.666163
1028.171000	0.671708
1029.190000	0.679556
1030.209000	0.687343
1031.228000	0.693444
1032.247000	0.697401
1033.266000	0.699907
1034.285000	0.701869
1035.304000	0.703598
1036.323000	0.705077
1037.342000	0.706107
1038.361000	0.705655
1039.380000	0.701969
1040.399000	0.694336
1041.418000	0.684752
1042.437000	0.676651
1043.456000	0.671875
1044.475000	0.669989
1045.494000	0.669912
1046.513000	0.671401
1047.532000	0.674278
1048.551000	0.677958
1049.570000	0.681842
1050.589000	0.684328
1051.608000	0.682535
1052.627000	0.675683
1053.646000	0.666253
1054.665000	0.657945
1055.684000	0.652870
1056.703000	0.650844
1057.722000	0.651059
1058.741000	0.653043
1059.760000	0.656386
1060.779000	0.660552
1061.798000	0.663855
1062.817000	0.663560
1063.836000	0.657836
1064.855000	0.647271
1065.874000	0.634433
1066.893000	0.622057
1067.912000	0.612208
1068.931000	0.606714
1069.950000	0.606692
1070.969000	0.611861
1071.988000	0.620828
1073.007000	0.631709
1074.026000	0.642337
1075.045000	0.650926
1076.064000	0.656351
1077.083000	0.658038
1078.102000	0.656240
1079.121000	0.651880
1080.140000	0.646689
1081.159000	0.643188
1082.178000	0.642724
1083.197000	0.644229
1084.216000	0.645531
1085.235000	0.645526
1086.254000	0.644979
1087.273000	0.644556
1088.292000	0.643652
1089.311000	0.641446
1090.330000	0.638032
1091.349000	0.634297
1092.368000	0.631676
1093.387000	0.631785
1094.406000	0.634923
1095.425000	0.639059
1096.444000	0.642153
1097.463000	0.642900
1098.482000	0.640795
1099.501000	0.637424
1100.520000	0.634767
1101.539000	0.633432
1102.558000	0.633476
1103.577000	0.635391
1104.596000	0.639056
1105.615000	0.643106
1106.634000	0.645487
1107.653000	0.644454
1108.672000	0.640299
1109.691000	0.634803
1110.710000	0.629401
1111.729000	0.624875
1112.748000	0.621445
1113.767000	0.618239
1114.786000	0.614749
1115.805000	0.610861
1116.824000	0.605783
1117.843000	0.599890
1118.862000	0.595176
1119.881000	0.593263
1120.900000	0.594175
1121.919000	0.596935
1122.938000	0.600278
1123.957000	0.603305
1124.976000	0.605755
1125.995000	0.607583
1127.014000	0.608540
1128.033000	0.608293
1129.052000	0.606569
1130.071000	0.603324
1131.090000	0.599042
1132.109000	0.594134
1133.128000	0.588394
1134.147000	0.581696
1135.166000	0.574592
1136.185000	0.568074
1137.204000	0.563772
1138.223000	0.562713
1139.242000	0.563702
1140.261000	0.564726
1141.280000	0.564591
1142.299000	0.563304
1143.318000	0.561575
1144.337000	0.560103
1145.356000	0.558449
1146.375000	0.555567
1147.394000	0.551101
1148.413000	0.545171
1149.432000	0.538207
1150.451000	0.530501
1151.470000	0.522542
1152.489000	0.516155
1153.508000	0.513305
1154.527000	0.514413
1155.546000	0.518344
1156.565000	0.523510
1157.584000	0.528261
1158.603000	0.531521
1159.622000	0.533062
1160.641000	0.532910
1161.660000	0.530969
1162.679000	0.527010
1163.698000	0.521022
1164.717000	0.513327
1165.736000	0.504213
1166.755000	0.494494
1167.774000	0.486142
1168.793000	0.482537
1169.812000	0.484774
1170.831000	0.488133
1171.850000	0.489017
1172.869000	0.488181
1173.888000	0.486740
1174.907000	0.484802
1175.926000	0.482209
1176.945000	0.478858
1177.964000	0.474720
1178.983000	0.469841
1180.002000	0.464326
1181.021000	0.458314
1182.040000	0.451980
1183.059000	0.445548
1184.078000	0.439322
1185.097000	0.433706
1186.116000	0.429188
1187.135000	0.426235
1188.154000	0.425163
1189.173000	0.426014
1190.192000	0.428521
1191.211000	0.428591
1192.230000	0.430888
1193.249000	0.436409
1194.268000	0.445091
1195.287000	0.456835
1196.306000	0.471508
1197.325000	0.488942
1198.344000	0.508939
1199.363000	0.531272
1200.382000	0.555687
1201.401000	0.581905
1202.420000	0.609630
1203.439000	0.638544
1204.458000	0.668320
1205.477000	0.698619
1206.496000	0.729096
1207.515000	0.759403
1208.534000	0.789198
1209.553000	0.818139
1210.572000	0.845900
1211.591000	0.872162
1212.610000	0.896628
1213.629000	0.919020
1214.648000	0.939082
1215.667000	0.956587
1216.686000	0.971335
1217.705000	0.983158
1218.724000	0.991922
1219.743000	0.997528
1220.762000	0.999911
1221.781000	1.000000
1222.800000	1.000000
1223.819000	1.000000
1224.838000	1.000000
1225.857000	1.000000
1226.876000	1.000000
1227.895000	1.000000
1228.914000	1.000000
1229.933000	1.000000
1230.952000	1.000000
1231.971000	1.000000
1232.990000	1.000000
1234.009000	1.000000
1235.028000	1.000000
1236.047000	1.000000
1237.066000	1.000000
1238.085000	1.000000
1239.104000	1.000000
1240.123000	1.000000
1241.142000	1.000000
1242.161000	1.000000
1243.180000	1.000000
1244.199000	1.000000
1245.218000	1.000000
1246.237000	1.000000
1247.256000	1.000000
1248.275000	1.000000
1249.294000	1.000000
1250.313000	1.000000
1251.332000	1.000000
1252.351000	1.000000
1253.370000	1.000000
1254.389000	1.000000
1255.408000	1.000000
1256.427000	1.000000
1257.446000	1.000000
1258.465000	1.000000
1259.484000	1.000000
1260.503000	1.000000
1261.522000	1.000000
1262.541000	1.000000
1263.560000	1.000000
1264.579000	1.000000
1265.598000	1.000000
1266.617000	1.000000
1267.636000	1.000000
1268.655000	1.000000
1269.674000	1.000000
1270.693000	1.000000
1271.712000	1.000000
1272.731000	1.000000
1273.750000	1.000000
1274.769000	1.000000
1275.788000	1.000000
1276.807000	1.000000
1277.826000	1.000000
1278.845000	1.000000
1279.864000	1.000000
1280.883000	1.000000
1281.902000	1.000000
1282.921000	1.000000
1283.940000	1.000000
1284.959000	1.000000
1285.978000	1.000000
1286.997000	1.000000
1288.016000	1.000000
1289.035000	1.000000
1290.054000	1.000000
1291.073000	1.000000
1292.092000	1.000000
1293.111000	1.000000
1294.130000	1.000000
1295.149000	1.000000
1296.168000	1.000000
1297.187000	1.000000
1298.206000	1.000000
1299.225000	1.000000
1300.244000	1.000000
1301.263000	1.000000
1302.282000	1.000000
1303.301000	1.000000
1304.320000	1.000000
1305.339000	1.000000
1306.358000	1.000000
1307.377000	1.000000
1308.396000	1.000000
1309.415000	1.000000
1310.434000	1.000000
1311.453000	1.000000
1312.472000	1.000000
1313.491000	1.000000
1314.510000	1.000000
1315.529000	1.000000
1316.548000	1.000000
1317.567000	1.000000
1318.586000	1.000000
1319.605000	1.000000
1320.624000	1.000000
1321.643000	1.000000
1322.662000	1.000000
1323.681000	1.000000
1324.700000	1.000000
1325.719000	1.000000
1326.738000	1.000000
1327.757000	1.000000
1328.776000	1.000000
1329.795000	1.000000
1330.814000	1.000000
1331.833000	1.000000
1332.852000	1.000000
1333.871000	1.000000
1334.890000	1.000000
1335.909000	1.000000
1336.928000	1.000000
1337.947000	1.000000
1338.966000	1.000000
1339.985000	1.000000
1341.004000	1.000000
1342.023000	1.000000
1343.042000	1.000000
1344.061000	1.000000
1345.080000	1.000000
1346.099000	1.000000
1347.118000	1.000000
1348.137000	1.000000
1349.156000	1.000000
1350.175000	1.000000
1351.194000	1.000000
1352.213000	1.000000
1353.232000	1.000000
1354.251000	1.000000
1355.270000	1.000000
1356.289000	1.000000
1357.308000	1.000000
1358.327000	1.000000
1359.346000	1.000000
1360.365000	1.000000
1361.384000	1.000000
1362.403000	1.000000
1363.422000	1.000000
1364.441000	1.000000
1365.460000	1.000000
1366.479000	1.000000
1367.498000	1.000000
1368.517000	1.000000
1369.536000	1.000000
1370.555000	1.000000
1371.574000	1.000000
1372.593000	1.000000
1373.612000	1.000000
1374.631000	1.000000
1375.650000	1.000000
1376.669000	1.000000
1377.688000	1.000000
1378.707000	1.000000
1379.726000	1.000000
1380.745000	1.000000
1381.764000	1.000000
1382.783000	1.000000
1383.802000	1.000000
1384.821000	1.000000
1385.840000	1.000000
1386.859000	1.000000
1387.878000	1.000000
1388.897000	1.000000
1389.916000	1.000000
1390.935000	1.000000
1391.954000	1.000000
1392.973000	1.000000
1393.992000	1.000000
1395.011000	1.000000
1396.030000	1.000000
1397.049000	1.000000
1398.068000	1.000000
1399.087000	1.000000
1400.106000	1.000000
1401.125000	1.000000
1402.144000	1.000000
1403.163000	1.000000
1404.182000	1.000000
1405.201000	1.000000
1406.220000	1.000000
1407.239000	1.000000
1408.258000	1.000000
1409.277000	1.000000
1410.296000	1.000000
1411.315000	1.000000
1412.334000	1.000000
1413.353000	1.000000
1414.372000	1.000000
1415.391000	1.000000
1416.410000	1.000000
1417.429000	1.000000
1418.448000	1.000000
1419.467000	1.000000
1420.486000	1.000000
1421.505000	1.000000
1422.524000	1.000000
1423.543000	1.000000
1424.562000	1.000000
1425.581000	1.000000
1426.600000	1.000000
1427.619000	1.000000
1428.638000	1.000000
1429.657000	1.000000
1430.676000	1.000000
1431.695000	1.000000
1432.714000	1.000000
1433.733000	1.000000
1434.752000	1.000000
1435.771000	1.000000
1436.790000	1.000000
1437.809000	1.000000
1438.828000	1.000000
1439.847000	1.000000
1440.866000	1.000000
1441.885000	1.000000
1442.904000	1.000000
1443.923000	1.000000
1444.942000	1.000000
1445.961000	1.000000
1446.980000	1.000000
1447.999000	1.000000
1449.018000	1.000000
1450.037000	1.000000
1451.056000	1.000000
1452.075000	1.000000
1453.094000	1.000000
1454.113000	1.000000
1455.132000	1.000000
1456.151000	1.000000
1457.170000	1.000000
1458.189000	1.000000
1459.208000	1.000000
1460.227000	1.000000
1461.246000	1.000000
1462.265000	1.000000
1463.284000	1.000000
1464.303000	1.000000
1465.322000	1.000000
1466.341000	1.000000
1467.360000	1.000000
1468.379000	1.000000
1469.398000	1.000000
1470.417000	1.000000
1471.436000	1.000000
1472.455000	1.000000
1473.474000	1.000000
1474.493000	1.000000
1475.512000	1.000000
1476.531000	1.000000
1477.550000	1.000000
1478.569000	1.000000
1479.588000	1.000000
1480.607000	1.000000
1481.626000	1.000000
1482.645000	1.000000
1483.664000	1.000000
1484.683000	1.000000
1485.702000	1.000000
1486.721000	1.000000
1487.740000	1.000000
1488.759000	1.000000
1489.778000	1.000000
1490.797000	1.000000
1491.816000	1.000000
1492.835000	1.000000
1493.854000	1.000000
1494.873000	1.000000
1495.892000	1.000000
1496.911000	1.000000
1497.930000	1.000000
1498.949000	1.000000
1499.968000	1.000000
1500.987000	1.000000
1502.006000	1.000000
1503.025000	1.000000
1504.044000	1.000000
1505.063000	1.000000
1506.082000	1.000000
1507.101000	1.000000
1508.120000	1.000000
1509.139000	1.000000
1510.158000	1.000000
1511.177000	1.000000
1512.196000	1.000000
1513.215000	1.000000
1514.234000	1.000000
1515.253000	1.000000
1516.272000	1.000000
1517.291000	1.000000
1518.310000	1.000000
1519.329000	1.000000
1520.348000	1.000000
1521.367000	1.000000
1522.386000	1.000000
1523.405000	1.000000
1524.424000	1.000000
1525.443000	1.000000
1526.462000	1.000000
1527.481000	1.000000
1528.500000	1.000000
1529.519000	1.000000
1530.538000	1.000000
1531.557000	1.000000
1532.576000	1.000000
1533.595000	1.000000
1534.614000	1.000000
1535.633000	1.000000
1536.652000	1.000000
1537.671000	1.000000
1538.690000	1.000000
1539.709000	1.000000
1540.728000	1.000000
1541.747000	1.000000
1542.766000	1.000000
1543.785000	1.000000
1544.804000	1.000000
1545.823000	1.000000
1546.842000	1.000000
1547.861000	1.000000
1548.880000	1.000000
1549.899000	1.000000
1550.918000	1.000000
1551.937000	1.000000
1552.956000	1.000000
1553.975000	1.000000
1554.994000	1.000000
1556.013000	1.000000
1557.032000	1.000000
1558.051000	1.000000
1559.070000	1.000000
1560.089000	1.000000
1561.108000	1.000000
1562.127000	1.000000
1563.146000	1.000000
1564.165000	1.000000
1565.184000	1.000000
1566.203000	1.000000
1567.222000	1.000000
1568.241000	1.000000
1569.260000	1.000000
1570.279000	1.000000
1571.298000	1.000000
1572.317000	1.000000
1573.336000	1.000000
1574.355000	1.000000
1575.374000	1.000000
1576.393000	1.000000
1577.412000	1.000000
1578.431000	1.000000
1579.450000	1.000000
1580.469000	1.000000
1581.488000	1.000000
1582.507000	1.000000
1583.526000	1.000000
1584.545000	1.000000
1585.564000	1.000000
1586.583000	1.000000
1587.602000	1.000000
1588.621000	1.000000
1589.640000	1.000000
1590.659000	1.000000
1591.678000	1.000000
1592.697000	1.000000
1593.716000	1.000000
1594.735000	1.000000
1595.754000	1.000000
1596.773000	1.000000
1597.792000	1.000000
1598.811000	1.000000
1599.830000	1.000000
1600.849000	1.000000
1601.868000	1.000000
1602.887000	1.000000
1603.906000	1.000000
1604.925000	1.000000
1605.944000	1.000000
1606.963000	1.000000
1607.982000	1.000000
1609.001000	1.000000
1610.020000	1.000000
1611.039000	1.000000
1612.058000	1.000000
1613.077000	1.000000
1614.096000	1.000000
1615.115000	1.000000
1616.134000	1.000000
1617.153000	1.000000
1618.172000	1.000000
1619.191000	1.000000
1620.210000	1.000000
1621.229000	1.000000
1622.248000	1.000000
1623.267000	1.000000
1624.286000	1.000000
1625.305000	1.000000
1626.324000	1.000000
1627.343000	1.000000
1628.362000	1.000000
1629.381000	1.000000
1630.400000	1.000000
1631.419000	1.000000
1632.438000	1.000000
1633.457000	1.000000
1634.476000	1.000000
1635.495000	1.000000
1636.514000	1.000000
1637.533000	1.000000
1638.552000	1.000000
1639.571000	1.000000
1640.590000	1.000000
1641.609000	1.000000
1642.628000	1.000000
1643.647000	1.000000
1644.666000	1.000000
1645.685000	1.000000
1646.704000	1.000000
1647.723000	1.000000
1648.742000	1.000000
1649.761000	1.000000
1650.780000	1.000000
1651.799000	1.000000
1652.818000	1.000000
1653.837000	1.000000
1654.856000	1.000000
1655.875000	1.000000
1656.894000	1.000000
1657.913000	1.000000
1658.932000	1.000000
1659.951000	1.000000
1660.970000	1.000000
1661.989000	1.000000
1663.008000	1.000000
1664.027000	1.000000
1665.046000	1.000000
1666.065000	1.000000
1667.084000	1.000000
1668.103000	1.000000
1669.122000	1.000000
1670.141000	1.000000
1671.160000	1.000000
1672.179000	1.000000
1673.198000	1.000000
1674.217000	1.000000
1675.236000	1.000000
1676.255000	1.000000
1677.274000	1.000000
1678.293000	1.000000
1679.312000	1.000000
1680.331000	1.000000
1681.350000	1.000000
1682.369000	1.000000
1683.388000	1.000000
1684.407000	1.000000
1685.426000	1.000000
1686.445000	1.000000
1687.464000	1.000000
1688.483000	1.000000
1689.502000	1.000000
1690.521000	1.000000
1691.540000	1.000000
1692.559000	1.000000
1693.578000	1.000000
1694.597000	1.000000
1695.616000	1.000000
1696.635000	1.000000
1697.654000	1.000000
1698.673000	1.000000
1699.692000	1.000000
1700.711000	1.000000
1701.730000	1.000000
1702.749000	1.000000
1703.768000	1.000000
1704.787000	1.000000
1705.806000	1.000000
1706.825000	1.000000
1707.844000	1.000000
1708.863000	1.000000
1709.882000	1.000000
1710.901000	1.000000
1711.920000	1.000000
1712.939000	1.000000
1713.958000	1.000000
1714.977000	1.000000
1715.996000	1.000000
1717.015000	1.000000
1718.034000	1.000000
1719.053000	1.000000
1720.072000	1.000000
1721.091000	1.000000
1722.110000	1.000000
1723.129000	1.000000
1724.148000	1.000000
1725.167000	1.000000
1726.186000	1.000000
1727.205000	1.000000
1728.224000	1.000000
1729.243000	1.000000
1730.262000	1.000000
1731.281000	1.000000
1732.300000	1.000000
1733.319000	1.000000
1734.338000	1.000000
1735.357000	1.000000
1736.376000	1.000000
1737.395000	1.000000
1738.414000	1.000000
1739.433000	1.000000
1740.452000	1.000000
1741.471000	1.000000
1742.490000	1.000000
1743.509000	1.000000
1744.528000	1.000000
1745.547000	1.000000
1746.566000	1.000000
1747.585000	1.000000
1748.604000	1.000000
1749.623000	1.000000
1750.642000	1.000000
1751.661000	1.000000
1752.680000	1.000000
1753.699000	1.000000
1754.718000	1.000000
1755.737000	1.000000
1756.756000	1.000000
1757.775000	1.000000
1758.794000	1.000000
1759.813000	1.000000
1760.832000	1.000000
1761.851000	1.000000
1762.870000	1.000000
1763.889000	1.000000
1764.908000	1.000000
1765.927000	1.000000
1766.946000	1.000000
1767.965000	1.000000
1768.984000	1.000000
1770.003000	1.000000
1771.022000	1.000000
1772.041000	1.000000
1773.060000	1.000000
1774.079000	1.000000
1775.098000	1.000000
1776.117000	1.000000
1777.136000	1.000000
1778.155000	1.000000
1779.174000	1.000000
1780.193000	1.000000
1781.212000	1.000000
1782.231000	1.000000
1783.250000	1.000000
1784.269000	1.000000
1785.288000	1.000000
1786.307000	1.000000
1787.326000	1.000000
1788.345000	1.000000
1789.364000	1.000000
1790.383000	1.000000
1791.402000	1.000000
1792.421000	1.000000
1793.440000	1.000000
1794.459000	1.000000
1795.478000	1.000000
1796.497000	1.000000
1797.516000	1.000000
1798.535000	1.000000
1799.554000	1.000000
1800.573000	1.000000
1801.592000	1.000000
1802.611000	1.000000
1803.630000	1.000000
1804.649000	1.000000
1805.668000	1.000000
1806.687000	1.000000
1807.706000	1.000000
1808.725000	1.000000
1809.744000	1.000000
1810.763000	1.000000
1811.782000	1.000000
1812.801000	1.000000
1813.820000	1.000000
1814.839000	1.000000
1815.858000	1.000000
1816.877000	1.000000
1817.896000	1.000000
1818.915000	1.000000
1819.934000	1.000000
1820.953000	1.000000
1821.972000	1.000000
1822.991000	1.000000
1824.010000	1.000000
1825.029000	1.000000
1826.048000	1.000000
1827.067000	1.000000
1828.086000	1.000000
1829.105000	1.000000
1830.124000	1.000000
1831.143000	1.000000
1832.162000	1.000000
1833.181000	1.000000
1834.200000	1.000000
1835.219000	1.000000
1836.238000	1.000000
1837.257000	1.000000
1838.276000	1.000000
1839.295000	1.000000
1840.314000	1.000000
1841.333000	1.000000
1842.352000	1.000000
1843.371000	1.000000
1844.390000	1.000000
1845.409000	1.000000
1846.428000	1.000000
1847.447000	1.000000
1848.466000	1.000000
1849.485000	1.000000
1850.504000	1.000000
1851.523000	1.000000
1852.542000	1.000000
1853.561000	1.000000
1854.580000	1.000000
1855.599000	1.000000
1856.618000	1.000000
1857.637000	1.000000
1858.656000	1.000000
1859.675000	1.000000
1860.694000	1.000000
1861.713000	1.000000
1862.732000	1.000000
1863.751000	1.000000
1864.770000	1.000000
1865.789000	1.000000
1866.808000	1.000000
1867.827000	1.000000
1868.846000	1.000000
1869.865000	1.000000
1870.884000	1.000000
1871.903000	1.000000
1872.922000	1.000000
1873.941000	1.000000
1874.960000	1.000000
1875.979000	1.000000
1876.998000	1.000000
1878.017000	1.000000
1879.036000	1.000000
1880.055000	1.000000
1881.074000	1.000000
1882.093000	1.000000
1883.112000	1.000000
1884.131000	1.000000
1885.150000	1.000000
1886.169000	1.000000
1887.188000	1.000000
1888.207000	1.000000
1889.226000	1.000000
1890.245000	1.000000
1891.264000	1.000000
1892.283000	1.000000
1893.302000	1.000000
1894.321000	1.000000
1895.340000	1.000000
1896.359000	1.000000
1897.378000	1.000000
1898.397000	1.000000
1899.416000	1.000000
1900.435000	1.000000
1901.454000	1.000000
1902.473000	1.000000
1903.492000	1.000000
1904.511000	1.000000
1905.530000	1.000000
1906.549000	1.000000
1907.568000	1.000000
1908.587000	1.000000
1909.606000	1.000000
1910.625000	1.000000
1911.644000	1.000000
1912.663000	1.000000
1913.682000	1.000000
1914.701000	1.000000
1915.720000	1.000000
1916.739000	1.000000
1917.758000	1.000000
1918.777000	1.000000
1919.796000	1.000000
1920.815000	1.000000
1921.834000	1.000000
1922.853000	1.000000
1923.872000	1.000000
1924.891000	1.000000
1925.910000	1.000000
1926.929000	1.000000
1927.948000	1.000000
1928.967000	1.000000
1929.986000	1.000000
1931.005000	1.000000
1932.024000	1.000000
1933.043000	1.000000
1934.062000	1.000000
1935.081000	1.000000
1936.100000	1.000000
1937.119000	1.000000
1938.138000	1.000000
1939.157000	1.000000
1940.176000	1.000000
1941.195000	1.000000
1942.214000	1.000000
1943.233000	1.000000
1944.252000	1.000000
1945.271000	1.000000
1946.290000	1.000000
1947.309000	1.000000
1948.328000	1.000000
1949.347000	1.000000
1950.366000	1.000000
1951.385000	1.000000
1952.404000	1.000000
1953.423000	1.000000
1954.442000	1.000000
1955.461000	1.000000
1956.480000	1.000000
1957.499000	1.000000
1958.518000	1.000000
1959.537000	1.000000
1960.556000	1.000000
1961.575000	1.000000
1962.594000	1.000000
1963.613000	1.000000
1964.632000	1.000000
1965.651000	1.000000
1966.670000	1.000000
1967.689000	1.000000
1968.708000	1.000000
1969.727000	1.000000
1970.746000	1.000000
1971.765000	1.000000
1972.784000	1.000000
1973.803000	1.000000
1974.822000	1.000000
1975.841000	1.000000
1976.860000	1.000000
1977.879000	1.000000
1978.898000	1.000000
1979.917000	1.000000
1980.936000	1.000000
1981.955000	1.000000
1982.974000	1.000000
1983.993000	1.000000
1985.012000	1.000000
1986.031000	1.000000
1987.050000	1.000000
1988.069000	1.000000
1989.088000	1.000000
1990.107000	1.000000
1991.126000	1.000000
1992.145000	1.000000
1993.164000	1.000000
1994.183000	1.000000
1995.202000	1.000000
1996.221000	1.000000
1997.240000	1.000000
1998.259000	1.000000
1999.278000	1.000000
2000.297000	1.000000
2001.316000	1.000000
2002.335000	1.000000
2003.354000	1.000000
2004.373000	1.000000
2005.392000	1.000000
2006.411000	1.000000
2007.430000	1.000000
2008.449000	1.000000
2009.468000	1.000000
2010.487000	1.000000
2011.506000	1.000000
2012.525000	1.000000
2013.544000	1.000000
2014.563000	1.000000
2015.582000	1.000000
2016.601000	1.000000
2017.620000	1.000000
2018.639000	1.000000
2019.658000	1.000000
2020.677000	1.000000
2021.696000	1.000000
2022.715000	1.000000
2023.734000	1.000000
2024.753000	1.000000
2025.772000	1.000000
2026.791000	1.000000
2027.810000	1.000000
2028.829000	1.000000
2029.848000	1.000000
2030.867000	1.000000
2031.886000	1.000000
2032.905000	1.000000
2033.924000	1.000000
2034.943000	1.000000
2035.962000	1.000000
2036.981000	1.000000
2038.000000	1.000000
2039.019000	1.000000
2040.038000	1.000000
2041.057000	1.000000
2042.076000	1.000000
2043.095000	1.000000
2044.114000	1.000000
2045.133000	1.000000
2046.152000	1.000000
2047.171000	1.000000
2048.190000	1.000000
2049.209000	1.000000
2050.228000	1.000000
2051.247000	1.000000
2052.266000	1.000000
2053.285000	1.000000
2054.304000	1.000000
2055.323000	1.000000
2056.342000	1.000000
2057.361000	1.000000
2058.380000	1.000000
2059.399000	1.000000
2060.418000	1.000000
2061.437000	1.000000
2062.456000	1.000000
2063.475000	1.000000
2064.494000	1.000000
2065.513000	1.000000
2066.532000	1.000000
2067.551000	1.000000
2068.570000	1.000000
2069.589000	1.000000
2070.608000	1.000000
2071.627000	1.000000
2072.646000	1.000000
2073.665000	1.000000
2074.684000	1.000000
2075.703000	1.000000
2076.722000	1.000000
2077.741000	1.000000
2078.760000	1.000000
2079.779000	1.000000
2080.798000	1.000000
2081.817000	1.000000
2082.836000	1.000000
2083.855000	1.000000
2084.874000	1.000000
2085.893000	1.000000
