x_um	profile_y
0.000000	1.000000
1.019000	1.000000
2.038000	1.000000
3.057000	1.000000
4.076000	1.000000
5.095000	1.000000
6.114000	1.000000
7.133000	1.000000
8.152000	1.000000
9.171000	1.000000
10.190000	1.000000
11.209000	1.000000
12.228000	1.000000
13.247000	1.000000
14.266000	1.000000
15.285000	1.000000
16.304000	1.000000
17.323000	1.000000
18.342000	1.000000
19.361000	1.000000
20.380000	1.000000
21.399000	1.000000
22.418000	1.000000
23.437000	1.000000
24.456000	1.000000
25.475000	1.000000
26.494000	1.000000
27.513000	1.000000
28.532000	1.000000
29.551000	1.000000
30.570000	1.000000
31.589000	1.000000
32.608000	1.000000
33.627000	1.000000
34.646000	1.000000
35.665000	1.000000
36.684000	1.000000
37.703000	1.000000
38.722000	1.000000
39.741000	1.000000
40.760000	1.000000
41.779000	1.000000
42.798000	1.000000
43.817000	1.000000
44.836000	1.000000
45.855000	1.000000
46.874000	1.000000
47.893000	1.000000
48.912000	1.000000
49.931000	1.000000
50.950000	1.000000
51.969000	1.000000
52.988000	1.000000
54.007000	1.000000
55.026000	1.000000
56.045000	1.000000
57.064000	1.000000
58.083000	1.000000
59.102000	1.000000
60.121000	1.000000
61.140000	1.000000
62.159000	1.000000
63.178000	1.000000
64.197000	1.000000
65.216000	1.000000
66.235000	1.000000
67.254000	1.000000
68.273000	1.000000
69.292000	1.000000
70.311000	1.000000
71.330000	1.000000
72.349000	1.000000
73.368000	1.000000
74.387000	1.000000
75.406000	1.000000
76.425000	1.000000
77.444000	1.000000
78.463000	1.000000
79.482000	1.000000
80.501000	1.000000
81.520000	1.000000
82.539000	1.000000
83.558000	1.000000
84.577000	1.000000
85.596000	1.000000
86.615000	1.000000
87.634000	1.000000
88.653000	1.000000
89.672000	1.000000
90.691000	1.000000
91.710000	1.000000
92.729000	1.000000
93.748000	1.000000
94.767000	1.000000
95.786000	1.000000
96.805000	1.000000
97.824000	1.000000
98.843000	1.000000
99.862000	1.000000
100.881000	1.000000
101.900000	1.000000
102.919000	1.000000
103.938000	1.000000
104.957000	1.000000
105.976000	1.000000
106.995000	1.000000
108.014000	1.000000
109.033000	1.000000
110.052000	1.000000
111.071000	1.000000
112.090000	1.000000
113.109000	1.000000
114.128000	1.000000
115.147000	1.000000
116.166000	1.000000
117.185000	1.000000
118.204000	1.000000
119.223000	1.000000
120.242000	1.000000
121.261000	1.000000
122.280000	1.000000
123.299000	1.000000
124.318000	1.000000
125.337000	1.000000
126.356000	1.000000
127.375000	1.000000
128.394000	1.000000
129.413000	1.000000
130.432000	1.000000
131.451000	1.000000
132.470000	1.000000
133.489000	1.000000
134.508000	1.000000
135.527000	1.000000
136.546000	1.000000
137.565000	1.000000
138.584000	1.000000
139.603000	1.000000
140.622000	1.000000
141.641000	1.000000
142.660000	1.000000
143.679000	1.000000
144.698000	1.000000
145.717000	1.000000
146.736000	1.000000
147.755000	1.000000
148.774000	1.000000
149.793000	1.000000
150.812000	1.000000
151.831000	1.000000
152.850000	1.000000
153.869000	1.000000
154.888000	1.000000
155.907000	1.000000
156.926000	1.000000
157.945000	1.000000
158.964000	1.000000
159.983000	1.000000
161.002000	1.000000
162.021000	1.000000
163.040000	1.000000
164.059000	1.000000
165.078000	1.000000
166.097000	1.000000
167.116000	1.000000
168.135000	1.000000
169.154000	1.000000
170.173000	1.000000
171.192000	1.000000
172.211000	1.000000
173.230000	1.000000
174.249000	1.000000
175.268000	1.000000
176.287000	1.000000
177.306000	1.000000
178.325000	1.000000
179.344000	1.000000
180.363000	1.000000
181.382000	1.000000
182.401000	1.000000
183.420000	1.000000
184.439000	1.000000
185.458000	1.000000
186.477000	1.000000
187.496000	1.000000
188.515000	1.000000
189.534000	1.000000
190.553000	1.000000
191.572000	1.000000
192.591000	1.000000
193.610000	1.000000
194.629000	1.000000
195.648000	1.000000
196.667000	1.000000
197.686000	1.000000
198.705000	1.000000
199.724000	1.000000
200.743000	1.000000
201.762000	1.000000
202.781000	1.000000
203.800000	1.000000
204.819000	1.000000
205.838000	1.000000
206.857000	1.000000
207.876000	1.000000
208.895000	1.000000
209.914000	1.000000
210.933000	1.000000
211.952000	1.000000
212.971000	1.000000
213.990000	1.000000
215.009000	1.000000
216.028000	1.000000
217.047000	1.000000
218.066000	1.000000
219.085000	1.000000
220.104000	1.000000
221.123000	1.000000
222.142000	1.000000
223.161000	1.000000
224.180000	1.000000
225.199000	1.000000
226.218000	1.000000
227.237000	1.000000
228.256000	1.000000
229.275000	1.000000
230.294000	1.000000
231.313000	1.000000
232.332000	1.000000
233.351000	1.000000
234.370000	1.000000
235.389000	1.000000
236.408000	1.000000
237.427000	1.000000
238.446000	1.000000
239.465000	1.000000
240.484000	1.000000
241.503000	1.000000
242.522000	1.000000
243.541000	1.000000
244.560000	1.000000
245.579000	1.000000
246.598000	1.000000
247.617000	1.000000
248.636000	1.000000
249.655000	1.000000
250.674000	1.000000
251.693000	1.000000
252.712000	1.000000
253.731000	1.000000
254.750000	1.000000
255.769000	1.000000
256.788000	1.000000
257.807000	1.000000
258.826000	1.000000
259.845000	1.000000
260.864000	1.000000
261.883000	1.000000
262.902000	1.000000
263.921000	1.000000
264.940000	1.000000
265.959000	1.000000
266.978000	1.000000
267.997000	1.000000
269.016000	1.000000
270.035000	1.000000
271.054000	1.000000
272.073000	1.000000
273.092000	1.000000
274.111000	1.000000
275.130000	1.000000
276.149000	1.000000
277.168000	1.000000
278.187000	1.000000
279.206000	1.000000
280.225000	1.000000
281.244000	1.000000
282.263000	1.000000
283.282000	1.000000
284.301000	1.000000
285.320000	1.000000
286.339000	1.000000
287.358000	1.000000
288.377000	1.000000
289.396000	1.000000
290.415000	1.000000
291.434000	1.000000
292.453000	1.000000
293.472000	1.000000
294.491000	1.000000
295.510000	1.000000
296.529000	1.000000
297.548000	1.000000
298.567000	1.000000
299.586000	1.000000
300.605000	1.000000
301.624000	1.000000
302.643000	1.000000
303.662000	1.000000
304.681000	1.000000
305.700000	1.000000
306.719000	1.000000
307.738000	1.000000
308.757000	1.000000
309.776000	1.000000
310.795000	1.000000
311.814000	1.000000
312.833000	1.000000
313.852000	1.000000
314.871000	1.000000
315.890000	1.000000
316.909000	1.000000
317.928000	1.000000
318.947000	1.000000
319.966000	1.000000
320.985000	1.000000
322.004000	1.000000
323.023000	1.000000
324.042000	1.000000
325.061000	1.000000
326.080000	1.000000
327.099000	1.000000
328.118000	1.000000
329.137000	1.000000
330.156000	1.000000
331.175000	1.000000
332.194000	1.000000
333.213000	1.000000
334.232000	1.000000
335.251000	1.000000
336.270000	1.000000
337.289000	1.000000
338.308000	1.000000
339.327000	1.000000
340.346000	1.000000
341.365000	1.000000
342.384000	1.000000
343.403000	1.000000
344.422000	1.000000
345.441000	1.000000
346.460000	1.000000
347.479000	1.000000
348.498000	1.000000
349.517000	1.000000
350.536000	1.000000
351.555000	1.000000
352.574000	1.000000
353.593000	1.000000
354.612000	1.000000
355.631000	1.000000
356.650000	1.000000
357.669000	1.000000
358.688000	1.000000
359.707000	1.000000
360.726000	1.000000
361.745000	1.000000
362.764000	1.000000
363.783000	1.000000
364.802000	1.000000
365.821000	1.000000
366.840000	1.000000
367.859000	1.000000
368.878000	1.000000
369.897000	1.000000
370.916000	1.000000
371.935000	1.000000
372.954000	1.000000
373.973000	1.000000
374.992000	1.000000
376.011000	1.000000
377.030000	1.000000
378.049000	1.000000
379.068000	1.000000
380.087000	1.000000
381.106000	1.000000
382.125000	1.000000
383.144000	1.000000
384.163000	1.000000
385.182000	1.000000
386.201000	1.000000
387.220000	1.000000
388.239000	1.000000
389.258000	1.000000
390.277000	1.000000
391.296000	1.000000
392.315000	1.000000
393.334000	1.000000
394.353000	1.000000
395.372000	1.000000
396.391000	1.000000
397.410000	1.000000
398.429000	1.000000
399.448000	1.000000
400.467000	1.000000
401.486000	1.000000
402.505000	1.000000
403.524000	1.000000
404.543000	1.000000
405.562000	1.000000
406.581000	1.000000
407.600000	1.000000
408.619000	1.000000
409.638000	1.000000
410.657000	1.000000
411.676000	1.000000
412.695000	1.000000
413.714000	1.000000
414.733000	1.000000
415.752000	1.000000
416.771000	1.000000
417.790000	1.000000
418.809000	1.000000
419.828000	1.000000
420.847000	1.000000
421.866000	1.000000
422.885000	1.000000
423.904000	1.000000
424.923000	1.000000
425.942000	1.000000
426.961000	1.000000
427.980000	1.000000
428.999000	1.000000
430.018000	1.000000
431.037000	1.000000
432.056000	1.000000
433.075000	1.000000
434.094000	1.000000
435.113000	1.000000
436.132000	1.000000
437.151000	1.000000
438.170000	1.000000
439.189000	1.000000
440.208000	1.000000
441.227000	1.000000
442.246000	1.000000
443.265000	1.000000
444.284000	1.000000
445.303000	1.000000
446.322000	1.000000
447.341000	1.000000
448.360000	1.000000
449.379000	1.000000
450.398000	1.000000
451.417000	1.000000
452.436000	1.000000
453.455000	1.000000
454.474000	1.000000
455.493000	1.000000
456.512000	1.000000
457.531000	1.000000
458.550000	1.000000
459.569000	1.000000
460.588000	1.000000
461.607000	1.000000
462.626000	1.000000
463.645000	1.000000
464.664000	1.000000
465.683000	1.000000
466.702000	1.000000
467.721000	1.000000
468.740000	1.000000
469.759000	1.000000
470.778000	1.000000
471.797000	1.000000
472.816000	1.000000
473.835000	1.000000
474.854000	1.000000
475.873000	1.000000
476.892000	1.000000
477.911000	1.000000
478.930000	1.000000
479.949000	1.000000
480.968000	1.000000
481.987000	1.000000
483.006000	1.000000
484.025000	1.000000
485.044000	1.000000
486.063000	1.000000
487.082000	1.000000
488.101000	1.000000
489.120000	1.000000
490.139000	1.000000
491.158000	1.000000
492.177000	1.000000
493.196000	1.000000
494.215000	1.000000
495.234000	1.000000
496.253000	1.000000
497.272000	1.000000
498.291000	1.000000
499.310000	1.000000
500.329000	1.000000
501.348000	1.000000
502.367000	1.000000
503.386000	1.000000
504.405000	1.000000
505.424000	1.000000
506.443000	1.000000
507.462000	1.000000
508.481000	1.000000
509.500000	1.000000
510.519000	1.000000
511.538000	1.000000
512.557000	1.000000
513.576000	1.000000
514.595000	1.000000
515.614000	1.000000
516.633000	1.000000
517.652000	1.000000
518.671000	1.000000
519.690000	1.000000
520.709000	1.000000
521.728000	1.000000
522.747000	1.000000
523.766000	1.000000
524.785000	1.000000
525.804000	1.000000
526.823000	1.000000
527.842000	1.000000
528.861000	1.000000
529.880000	1.000000
530.899000	1.000000
531.918000	1.000000
532.937000	1.000000
533.956000	1.000000
534.975000	1.000000
535.994000	1.000000
537.013000	1.000000
538.032000	1.000000
539.051000	1.000000
540.070000	1.000000
541.089000	1.000000
542.108000	1.000000
543.127000	1.000000
544.146000	1.000000
545.165000	1.000000
546.184000	1.000000
547.203000	1.000000
548.222000	1.000000
549.241000	1.000000
550.260000	1.000000
551.279000	1.000000
552.298000	1.000000
553.317000	1.000000
554.336000	1.000000
555.355000	1.000000
556.374000	1.000000
557.393000	1.000000
558.412000	1.000000
559.431000	1.000000
560.450000	1.000000
561.469000	1.000000
562.488000	1.000000
563.507000	1.000000
564.526000	1.000000
565.545000	1.000000
566.564000	1.000000
567.583000	1.000000
568.602000	1.000000
569.621000	1.000000
570.640000	1.000000
571.659000	1.000000
572.678000	1.000000
573.697000	1.000000
574.716000	1.000000
575.735000	1.000000
576.754000	1.000000
577.773000	1.000000
578.792000	1.000000
579.811000	1.000000
580.830000	1.000000
581.849000	1.000000
582.868000	1.000000
583.887000	1.000000
584.906000	1.000000
585.925000	1.000000
586.944000	1.000000
587.963000	1.000000
588.982000	1.000000
590.001000	1.000000
591.020000	1.000000
592.039000	1.000000
593.058000	1.000000
594.077000	1.000000
595.096000	1.000000
596.115000	1.000000
597.134000	1.000000
598.153000	1.000000
599.172000	1.000000
600.191000	1.000000
601.210000	1.000000
602.229000	1.000000
603.248000	1.000000
604.267000	1.000000
605.286000	1.000000
606.305000	1.000000
607.324000	1.000000
608.343000	1.000000
609.362000	1.000000
610.381000	1.000000
611.400000	1.000000
612.419000	1.000000
613.438000	1.000000
614.457000	1.000000
615.476000	1.000000
616.495000	1.000000
617.514000	1.000000
618.533000	1.000000
619.552000	1.000000
620.571000	1.000000
621.590000	1.000000
622.609000	1.000000
623.628000	1.000000
624.647000	1.000000
625.666000	1.000000
626.685000	1.000000
627.704000	1.000000
628.723000	1.000000
629.742000	1.000000
630.761000	1.000000
631.780000	1.000000
632.799000	1.000000
633.818000	1.000000
634.837000	1.000000
635.856000	1.000000
636.875000	1.000000
637.894000	1.000000
638.913000	1.000000
639.932000	1.000000
640.951000	1.000000
641.970000	1.000000
642.989000	1.000000
644.008000	1.000000
645.027000	1.000000
646.046000	1.000000
647.065000	1.000000
648.084000	1.000000
649.103000	1.000000
650.122000	1.000000
651.141000	1.000000
652.160000	1.000000
653.179000	1.000000
654.198000	1.000000
655.217000	1.000000
656.236000	1.000000
657.255000	1.000000
658.274000	1.000000
659.293000	1.000000
660.312000	1.000000
661.331000	1.000000
662.350000	1.000000
663.369000	1.000000
664.388000	1.000000
665.407000	1.000000
666.426000	1.000000
667.445000	1.000000
668.464000	1.000000
669.483000	1.000000
670.502000	1.000000
671.521000	1.000000
672.540000	1.000000
673.559000	1.000000
674.578000	1.000000
675.597000	1.000000
676.616000	1.000000
677.635000	1.000000
678.654000	1.000000
679.673000	1.000000
680.692000	1.000000
681.711000	1.000000
682.730000	1.000000
683.749000	1.000000
684.768000	1.000000
685.787000	1.000000
686.806000	1.000000
687.825000	1.000000
688.844000	1.000000
689.863000	1.000000
690.882000	1.000000
691.901000	1.000000
692.920000	1.000000
693.939000	1.000000
694.958000	1.000000
695.977000	1.000000
696.996000	1.000000
698.015000	1.000000
699.034000	1.000000
700.053000	1.000000
701.072000	1.000000
702.091000	1.000000
703.110000	1.000000
704.129000	1.000000
705.148000	1.000000
706.167000	1.000000
707.186000	1.000000
708.205000	1.000000
709.224000	1.000000
710.243000	1.000000
711.262000	1.000000
712.281000	1.000000
713.300000	1.000000
714.319000	1.000000
715.338000	1.000000
716.357000	1.000000
717.376000	1.000000
718.395000	1.000000
719.414000	1.000000
720.433000	1.000000
721.452000	1.000000
722.471000	1.000000
723.490000	1.000000
724.509000	1.000000
725.528000	1.000000
726.547000	1.000000
727.566000	1.000000
728.585000	1.000000
729.604000	1.000000
730.623000	1.000000
731.642000	1.000000
732.661000	1.000000
733.680000	1.000000
734.699000	1.000000
735.718000	1.000000
736.737000	1.000000
737.756000	1.000000
738.775000	1.000000
739.794000	1.000000
740.813000	1.000000
741.832000	1.000000
742.851000	1.000000
743.870000	1.000000
744.889000	1.000000
745.908000	1.000000
746.927000	1.000000
747.946000	1.000000
748.965000	1.000000
749.984000	1.000000
751.003000	1.000000
752.022000	1.000000
753.041000	1.000000
754.060000	1.000000
755.079000	1.000000
756.098000	1.000000
757.117000	1.000000
758.136000	1.000000
759.155000	1.000000
760.174000	1.000000
761.193000	1.000000
762.212000	1.000000
763.231000	1.000000
764.250000	1.000000
765.269000	1.000000
766.288000	1.000000
767.307000	1.000000
768.326000	1.000000
769.345000	1.000000
770.364000	1.000000
771.383000	1.000000
772.402000	1.000000
773.421000	1.000000
774.440000	1.000000
775.459000	1.000000
776.478000	1.000000
777.497000	1.000000
778.516000	1.000000
779.535000	1.000000
780.554000	1.000000
781.573000	1.000000
782.592000	1.000000
783.611000	1.000000
784.630000	1.000000
785.649000	1.000000
786.668000	1.000000
787.687000	1.000000
788.706000	1.000000
789.725000	1.000000
790.744000	1.000000
791.763000	1.000000
792.782000	1.000000
793.801000	1.000000
794.820000	1.000000
795.839000	1.000000
796.858000	1.000000
797.877000	1.000000
798.896000	1.000000
799.915000	1.000000
800.934000	0.999836
801.953000	0.999285
802.972000	0.998345
803.991000	0.997018
805.010000	0.995305
806.029000	0.993207
807.048000	0.990727
808.067000	0.987867
809.086000	0.984630
810.105000	0.981019
811.124000	0.977039
812.143000	0.972694
813.162000	0.967986
814.181000	0.962923
815.200000	0.957508
816.219000	0.951748
817.238000	0.945647
818.257000	0.939214
819.276000	0.932453
820.295000	0.925372
821.314000	0.917978
822.333000	0.910280
823.352000	0.902283
824.371000	0.893998
825.390000	0.885432
826.409000	0.876595
827.428000	0.867494
828.447000	0.858140
829.466000	0.848542
830.485000	0.838711
831.504000	0.828655
832.523000	0.818385
833.542000	0.807912
834.561000	0.797247
835.580000	0.786401
836.599000	0.775384
837.618000	0.764208
838.637000	0.752884
839.656000	0.741425
840.675000	0.729841
841.694000	0.718144
842.713000	0.706348
843.732000	0.694463
844.751000	0.682501
845.770000	0.670476
846.789000	0.658399
847.808000	0.646284
848.827000	0.634141
849.846000	0.621984
850.865000	0.609825
851.884000	0.597677
852.903000	0.585551
853.922000	0.573461
854.941000	0.561419
855.960000	0.549437
856.979000	0.537528
857.998000	0.525703
859.017000	0.513975
860.036000	0.502356
861.055000	0.490858
862.074000	0.479492
863.093000	0.468270
864.112000	0.457204
865.131000	0.446305
866.150000	0.435583
867.169000	0.425052
868.188000	0.414719
869.207000	0.404598
870.226000	0.394697
871.245000	0.385028
872.264000	0.375599
873.283000	0.366421
874.302000	0.357503
875.321000	0.348854
876.340000	0.340483
877.359000	0.332398
878.378000	0.324609
879.397000	0.317122
880.416000	0.309946
881.435000	0.303088
882.454000	0.296555
883.473000	0.290353
884.492000	0.284489
885.511000	0.278969
886.530000	0.273799
887.549000	0.268983
888.568000	0.264528
889.587000	0.260437
890.606000	0.256714
891.625000	0.253364
892.644000	0.250390
893.663000	0.247795
894.682000	0.245581
895.701000	0.243751
896.720000	0.242307
897.739000	0.241250
898.758000	0.240581
899.777000	0.240301
900.796000	0.240292
901.815000	0.247721
902.834000	0.256233
903.853000	0.264656
904.872000	0.272767
905.891000	0.280374
906.910000	0.287738
907.929000	0.295167
908.948000	0.302459
909.967000	0.309620
910.986000	0.316970
912.005000	0.324449
913.024000	0.331336
914.043000	0.336482
915.062000	0.339270
916.081000	0.340367
917.100000	0.340941
918.119000	0.341914
919.138000	0.344070
920.157000	0.348310
921.176000	0.354581
922.195000	0.360882
923.214000	0.365378
924.233000	0.368246
925.252000	0.370871
926.271000	0.374348
927.290000	0.378753
928.309000	0.383333
929.328000	0.387838
930.347000	0.392876
931.366000	0.399024
932.385000	0.406561
933.404000	0.415299
934.423000	0.424244
935.442000	0.431989
936.461000	0.437472
937.480000	0.440946
938.499000	0.443457
939.518000	0.445839
940.537000	0.448177
941.556000	0.450315
942.575000	0.452668
943.594000	0.456114
944.613000	0.460763
945.632000	0.465528
946.651000	0.469183
947.670000	0.472065
948.689000	0.475640
949.708000	0.481103
950.727000	0.488793
951.746000	0.497765
952.765000	0.506131
953.784000	0.513090
954.803000	0.519006
955.822000	0.524619
956.841000	0.530596
957.860000	0.537025
958.879000	0.543688
959.898000	0.550753
960.917000	0.557748
961.936000	0.563296
962.955000	0.566627
963.974000	0.567405
964.993000	0.565720
966.012000	0.562675
967.031000	0.559502
968.050000	0.557506
969.069000	0.557861
970.088000	0.560141
971.107000	0.562824
972.126000	0.564885
973.145000	0.565121
974.164000	0.563120
975.183000	0.560709
976.202000	0.559014
977.221000	0.557491
978.240000	0.555600
979.259000	0.553760
980.278000	0.552941
981.297000	0.553540
982.316000	0.554811
983.335000	0.555666
984.354000	0.555846
985.373000	0.556063
986.392000	0.556925
987.411000	0.558691
988.430000	0.562112
989.449000	0.567771
990.468000	0.575266
991.487000	0.583560
992.506000	0.590285
993.525000	0.593065
994.544000	0.592886
995.563000	0.592116
996.582000	0.592685
997.601000	0.596228
998.620000	0.603786
999.639000	0.614494
1000.658000	0.625084
1001.677000	0.632760
1002.696000	0.636947
1003.715000	0.639291
1004.734000	0.642111
1005.753000	0.647383
1006.772000	0.655352
1007.791000	0.663564
1008.810000	0.669105
1009.829000	0.671598
1010.848000	0.671935
1011.867000	0.671068
1012.886000	0.670500
1013.905000	0.671971
1014.924000	0.675609
1015.943000	0.678765
1016.962000	0.678587
1017.981000	0.674423
1019.000000	0.668358
1020.019000	0.663025
1021.038000	0.659547
1022.057000	0.657886
1023.076000	0.658380
1024.095000	0.660112
1025.114000	0.659856
1026.133000	0.655434
1027.152000	0.648345
1028.171000	0.642237
1029.190000	0.638461
1030.209000	0.636581
1031.228000	0.636688
1032.247000	0.639710
1033.266000	0.646219
1034.285000	0.655452
1035.304000	0.665777
1036.323000	0.676461
1037.342000	0.687139
1038.361000	0.696611
1039.380000	0.704030
1040.399000	0.709196
1041.418000	0.712226
1042.437000	0.713611
1043.456000	0.713038
1044.475000	0.709483
1045.494000	0.704161
1046.513000	0.700340
1047.532000	0.700340
1048.551000	0.703979
1049.570000	0.709598
1050.589000	0.714988
1051.608000	0.718162
1052.627000	0.718276
1053.646000	0.716502
1054.665000	0.715140
1055.684000	0.715309
1056.703000	0.716140
1057.722000	0.716373
1058.741000	0.715307
1059.760000	0.712989
1060.779000	0.709831
1061.798000	0.704953
1062.817000	0.697678
1063.836000	0.690615
1064.855000	0.686794
1065.874000	0.686705
1066.893000	0.688388
1067.912000	0.689689
1068.931000	0.689273
1069.950000	0.687313
1070.969000	0.686300
1071.988000	0.688839
1073.007000	0.694310
1074.026000	0.700832
1075.045000	0.707019
1076.064000	0.711593
1077.083000	0.713026
1078.102000	0.711032
1079.121000	0.707681
1080.140000	0.704302
1081.159000	0.700424
1082.178000	0.695374
1083.197000	0.689365
1084.216000	0.683168
1085.235000	0.678053
1086.254000	0.675989
1087.273000	0.677913
1088.292000	0.682440
1089.311000	0.687826
1090.330000	0.693031
1091.349000	0.697180
1092.368000	0.699672
1093.387000	0.701122
1094.406000	0.702973
1095.425000	0.705268
1096.444000	0.706218
1097.463000	0.703998
1098.482000	0.699059
1099.501000	0.693277
1100.520000	0.688380
1101.539000	0.684824
1102.558000	0.682129
1103.577000	0.679863
1104.596000	0.678073
1105.615000	0.676721
1106.634000	0.675632
1107.653000	0.674932
1108.672000	0.674873
1109.691000	0.675474
1110.710000	0.676226
1111.729000	0.676344
1112.748000	0.675858
1113.767000	0.675862
1114.786000	0.676715
1115.805000	0.677773
1116.824000	0.677851
1117.843000	0.675274
1118.862000	0.669346
1119.881000	0.661307
1120.900000	0.652466
1121.919000	0.643865
1122.938000	0.637288
1123.957000	0.634588
1124.976000	0.635645
1125.995000	0.638250
1127.014000	0.641212
1128.033000	0.644799
1129.052000	0.647949
1130.071000	0.646739
1131.090000	0.637647
1132.109000	0.621530
1133.128000	0.604349
1134.147000	0.592292
1135.166000	0.587574
1136.185000	0.586930
1137.204000	0.586623
1138.223000	0.586024
1139.242000	0.586686
1140.261000	0.588549
1141.280000	0.589932
1142.299000	0.590036
1143.318000	0.588430
1144.337000	0.584301
1145.356000	0.577338
1146.375000	0.568494
1147.394000	0.560124
1148.413000	0.554623
1149.432000	0.552095
1150.451000	0.360000
1151.470000	0.360000
1152.489000	0.360000
1153.508000	0.360000
1154.527000	0.360000
1155.546000	0.360000
1156.565000	0.360000
1157.584000	0.360000
1158.603000	0.360000
1159.622000	0.360000
1160.641000	0.530819
1161.660000	0.520603
1162.679000	0.511323
1163.698000	0.503534
1164.717000	0.497399
1165.736000	0.492611
1166.755000	0.488314
1167.774000	0.483420
1168.793000	0.477239
1169.812000	0.470425
1170.831000	0.464977
1171.850000	0.461584
1172.869000	0.458853
1173.888000	0.455189
1174.907000	0.450817
1175.926000	0.447040
1176.945000	0.444042
1177.964000	0.440511
1178.983000	0.435504
1180.002000	0.429463
1181.021000	0.422375
1182.040000	0.414379
1183.059000	0.406796
1184.078000	0.399907
1185.097000	0.392358
1186.116000	0.382914
1187.135000	0.371991
1188.154000	0.360267
1189.173000	0.348344
1190.192000	0.337960
1191.211000	0.330180
1192.230000	0.324397
1193.249000	0.320132
1194.268000	0.316691
1195.287000	0.312037
1196.306000	0.304386
1197.325000	0.298225
1198.344000	0.310888
1199.363000	0.343608
1200.382000	0.343632
1201.401000	0.343926
1202.420000	0.344556
1203.439000	0.345522
1204.458000	0.346822
1205.477000	0.348455
1206.496000	0.350419
1207.515000	0.352712
1208.534000	0.355333
1209.553000	0.358278
1210.572000	0.361544
1211.591000	0.365128
1212.610000	0.369026
1213.629000	0.373235
1214.648000	0.377750
1215.667000	0.382566
1216.686000	0.387678
1217.705000	0.393081
1218.724000	0.398770
1219.743000	0.404739
1220.762000	0.410982
1221.781000	0.417491
1222.800000	0.424262
1223.819000	0.431286
1224.838000	0.438556
1225.857000	0.446066
1226.876000	0.453807
1227.895000	0.461771
1228.914000	0.469951
1229.933000	0.478337
1230.952000	0.486921
1231.971000	0.495696
1232.990000	0.504650
1234.009000	0.513776
1235.028000	0.523064
1236.047000	0.532504
1237.066000	0.542087
1238.085000	0.551802
1239.104000	0.561641
1240.123000	0.571593
1241.142000	0.581647
1242.161000	0.591794
1243.180000	0.602023
1244.199000	0.612323
1245.218000	0.622684
1246.237000	0.633096
1247.256000	0.643547
1248.275000	0.654027
1249.294000	0.664525
1250.313000	0.675031
1251.332000	0.685534
1252.351000	0.696022
1253.370000	0.706486
1254.389000	0.716914
1255.408000	0.727296
1256.427000	0.737621
1257.446000	0.747878
1258.465000	0.758058
1259.484000	0.768149
1260.503000	0.778142
1261.522000	0.788025
1262.541000	0.797790
1263.560000	0.807425
1264.579000	0.816921
1265.598000	0.826269
1266.617000	0.835458
1267.636000	0.844480
1268.655000	0.853325
1269.674000	0.861983
1270.693000	0.870447
1271.712000	0.878708
1272.731000	0.886756
1273.750000	0.894584
1274.769000	0.902183
1275.788000	0.909547
1276.807000	0.916667
1277.826000	0.923536
1278.845000	0.930147
1279.864000	0.936494
1280.883000	0.942569
1281.902000	0.948366
1282.921000	0.953881
1283.940000	0.959106
1284.959000	0.964037
1285.978000	0.968668
1286.997000	0.972995
1288.016000	0.977014
1289.035000	0.980719
1290.054000	0.984109
1291.073000	0.987178
1292.092000	0.989924
1293.111000	0.992344
1294.130000	0.994435
1295.149000	0.996196
1296.168000	0.997625
1297.187000	0.998719
1298.206000	0.999479
1299.225000	0.999903
1300.244000	1.000000
1301.263000	1.000000
1302.282000	1.000000
1303.301000	1.000000
1304.320000	1.000000
1305.339000	1.000000
1306.358000	1.000000
1307.377000	1.000000
1308.396000	1.000000
1309.415000	1.000000
1310.434000	1.000000
1311.453000	1.000000
1312.472000	1.000000
1313.491000	1.000000
1314.510000	1.000000
1315.529000	1.000000
1316.548000	1.000000
1317.567000	1.000000
1318.586000	1.000000
1319.605000	1.000000
1320.624000	1.000000
1321.643000	1.000000
1322.662000	1.000000
1323.681000	1.000000
1324.700000	1.000000
1325.719000	1.000000
1326.738000	1.000000
1327.757000	1.000000
1328.776000	1.000000
1329.795000	1.000000
1330.814000	1.000000
1331.833000	1.000000
1332.852000	1.000000
1333.871000	1.000000
1334.890000	1.000000
1335.909000	1.000000
1336.928000	1.000000
1337.947000	1.000000
1338.966000	1.000000
1339.985000	1.000000
1341.004000	1.000000
1342.023000	1.000000
1343.042000	1.000000
1344.061000	1.000000
1345.080000	1.000000
1346.099000	1.000000
1347.118000	1.000000
1348.137000	1.000000
1349.156000	1.000000
1350.175000	1.000000
1351.194000	1.000000
1352.213000	1.000000
1353.232000	1.000000
1354.251000	1.000000
1355.270000	1.000000
1356.289000	1.000000
1357.308000	1.000000
1358.327000	1.000000
1359.346000	1.000000
1360.365000	1.000000
1361.384000	1.000000
1362.403000	1.000000
1363.422000	1.000000
1364.441000	1.000000
1365.460000	1.000000
1366.479000	1.000000
1367.498000	1.000000
1368.517000	1.000000
1369.536000	1.000000
1370.555000	1.000000
1371.574000	1.000000
1372.593000	1.000000
1373.612000	1.000000
1374.631000	1.000000
1375.650000	1.000000
1376.669000	1.000000
1377.688000	1.000000
1378.707000	1.000000
1379.726000	1.000000
1380.745000	1.000000
1381.764000	1.000000
1382.783000	1.000000
1383.802000	1.000000
1384.821000	1.000000
1385.840000	1.000000
1386.859000	1.000000
1387.878000	1.000000
1388.897000	1.000000
1389.916000	1.000000
1390.935000	1.000000
1391.954000	1.000000
1392.973000	1.000000
1393.992000	1.000000
1395.011000	1.000000
1396.030000	1.000000
1397.049000	1.000000
1398.068000	1.000000
1399.087000	1.000000
1400.106000	1.000000
1401.125000	1.000000
1402.144000	1.000000
1403.163000	1.000000
1404.182000	1.000000
1405.201000	1.000000
1406.220000	1.000000
1407.239000	1.000000
1408.258000	1.000000
1409.277000	1.000000
1410.296000	1.000000
1411.315000	1.000000
1412.334000	1.000000
1413.353000	1.000000
1414.372000	1.000000
1415.391000	1.000000
1416.410000	1.000000
1417.429000	1.000000
1418.448000	1.000000
1419.467000	1.000000
1420.486000	1.000000
1421.505000	1.000000
1422.524000	1.000000
1423.543000	1.000000
1424.562000	1.000000
1425.581000	1.000000
1426.600000	1.000000
1427.619000	1.000000
1428.638000	1.000000
1429.657000	1.000000
1430.676000	1.000000
1431.695000	1.000000
1432.714000	1.000000
1433.733000	1.000000
1434.752000	1.000000
1435.771000	1.000000
1436.790000	1.000000
1437.809000	1.000000
1438.828000	1.000000
1439.847000	1.000000
1440.866000	1.000000
1441.885000	1.000000
1442.904000	1.000000
1443.923000	1.000000
1444.942000	1.000000
1445.961000	1.000000
1446.980000	1.000000
1447.999000	1.000000
1449.018000	1.000000
1450.037000	1.000000
1451.056000	1.000000
1452.075000	1.000000
1453.094000	1.000000
1454.113000	1.000000
1455.132000	1.000000
1456.151000	1.000000
1457.170000	1.000000
1458.189000	1.000000
1459.208000	1.000000
1460.227000	1.000000
1461.246000	1.000000
1462.265000	1.000000
1463.284000	1.000000
1464.303000	1.000000
1465.322000	1.000000
1466.341000	1.000000
1467.360000	1.000000
1468.379000	1.000000
1469.398000	1.000000
1470.417000	1.000000
1471.436000	1.000000
1472.455000	1.000000
1473.474000	1.000000
1474.493000	1.000000
1475.512000	1.000000
1476.531000	1.000000
1477.550000	1.000000
1478.569000	1.000000
1479.588000	1.000000
1480.607000	1.000000
1481.626000	1.000000
1482.645000	1.000000
1483.664000	1.000000
1484.683000	1.000000
1485.702000	1.000000
1486.721000	1.000000
1487.740000	1.000000
1488.759000	1.000000
1489.778000	1.000000
1490.797000	1.000000
1491.816000	1.000000
1492.835000	1.000000
1493.854000	1.000000
1494.873000	1.000000
1495.892000	1.000000
1496.911000	1.000000
1497.930000	1.000000
1498.949000	1.000000
1499.968000	1.000000
1500.987000	1.000000
1502.006000	1.000000
1503.025000	1.000000
1504.044000	1.000000
1505.063000	1.000000
1506.082000	1.000000
1507.101000	1.000000
1508.120000	1.000000
1509.139000	1.000000
1510.158000	1.000000
1511.177000	1.000000
1512.196000	1.000000
1513.215000	1.000000
1514.234000	1.000000
1515.253000	1.000000
1516.272000	1.000000
1517.291000	1.000000
1518.310000	1.000000
1519.329000	1.000000
1520.348000	1.000000
1521.367000	1.000000
1522.386000	1.000000
1523.405000	1.000000
1524.424000	1.000000
1525.443000	1.000000
1526.462000	1.000000
1527.481000	1.000000
1528.500000	1.000000
1529.519000	1.000000
1530.538000	1.000000
1531.557000	1.000000
1532.576000	1.000000
1533.595000	1.000000
1534.614000	1.000000
1535.633000	1.000000
1536.652000	1.000000
1537.671000	1.000000
1538.690000	1.000000
1539.709000	1.000000
1540.728000	1.000000
1541.747000	1.000000
1542.766000	1.000000
1543.785000	1.000000
1544.804000	1.000000
1545.823000	1.000000
1546.842000	1.000000
1547.861000	1.000000
1548.880000	1.000000
1549.899000	1.000000
1550.918000	1.000000
1551.937000	1.000000
1552.956000	1.000000
1553.975000	1.000000
1554.994000	1.000000
1556.013000	1.000000
1557.032000	1.000000
1558.051000	1.000000
1559.070000	1.000000
1560.089000	1.000000
1561.108000	1.000000
1562.127000	1.000000
1563.146000	1.000000
1564.165000	1.000000
1565.184000	1.000000
1566.203000	1.000000
1567.222000	1.000000
1568.241000	1.000000
1569.260000	1.000000
1570.279000	1.000000
1571.298000	1.000000
1572.317000	1.000000
1573.336000	1.000000
1574.355000	1.000000
1575.374000	1.000000
1576.393000	1.000000
1577.412000	1.000000
1578.431000	1.000000
1579.450000	1.000000
1580.469000	1.000000
1581.488000	1.000000
1582.507000	1.000000
1583.526000	1.000000
1584.545000	1.000000
1585.564000	1.000000
1586.583000	1.000000
1587.602000	1.000000
1588.621000	1.000000
1589.640000	1.000000
1590.659000	1.000000
1591.678000	1.000000
1592.697000	1.000000
1593.716000	1.000000
1594.735000	1.000000
1595.754000	1.000000
1596.773000	1.000000
1597.792000	1.000000
1598.811000	1.000000
1599.830000	1.000000
1600.849000	1.000000
1601.868000	1.000000
1602.887000	1.000000
1603.906000	1.000000
1604.925000	1.000000
1605.944000	1.000000
1606.963000	1.000000
1607.982000	1.000000
1609.001000	1.000000
1610.020000	1.000000
1611.039000	1.000000
1612.058000	1.000000
1613.077000	1.000000
1614.096000	1.000000
1615.115000	1.000000
1616.134000	1.000000
1617.153000	1.000000
1618.172000	1.000000
1619.191000	1.000000
1620.210000	1.000000
1621.229000	1.000000
1622.248000	1.000000
1623.267000	1.000000
1624.286000	1.000000
1625.305000	1.000000
1626.324000	1.000000
1627.343000	1.000000
1628.362000	1.000000
1629.381000	1.000000
1630.400000	1.000000
1631.419000	1.000000
1632.438000	1.000000
1633.457000	1.000000
1634.476000	1.000000
1635.495000	1.000000
1636.514000	1.000000
1637.533000	1.000000
1638.552000	1.000000
1639.571000	1.000000
1640.590000	1.000000
1641.609000	1.000000
1642.628000	1.000000
1643.647000	1.000000
1644.666000	1.000000
1645.685000	1.000000
1646.704000	1.000000
1647.723000	1.000000
1648.742000	1.000000
1649.761000	1.000000
1650.780000	1.000000
1651.799000	1.000000
1652.818000	1.000000
1653.837000	1.000000
1654.856000	1.000000
1655.875000	1.000000
1656.894000	1.000000
1657.913000	1.000000
1658.932000	1.000000
1659.951000	1.000000
1660.970000	1.000000
1661.989000	1.000000
1663.008000	1.000000
1664.027000	1.000000
1665.046000	1.000000
1666.065000	1.000000
1667.084000	1.000000
1668.103000	1.000000
1669.122000	1.000000
1670.141000	1.000000
1671.160000	1.000000
1672.179000	1.000000
1673.198000	1.000000
1674.217000	1.000000
1675.236000	1.000000
1676.255000	1.000000
1677.274000	1.000000
1678.293000	1.000000
1679.312000	1.000000
1680.331000	1.000000
1681.350000	1.000000
1682.369000	1.000000
1683.388000	1.000000
1684.407000	1.000000
1685.426000	1.000000
1686.445000	1.000000
1687.464000	1.000000
1688.483000	1.000000
1689.502000	1.000000
1690.521000	1.000000
1691.540000	1.000000
1692.559000	1.000000
1693.578000	1.000000
1694.597000	1.000000
1695.616000	1.000000
1696.635000	1.000000
1697.654000	1.000000
1698.673000	1.000000
1699.692000	1.000000
1700.711000	1.000000
1701.730000	1.000000
1702.749000	1.000000
1703.768000	1.000000
1704.787000	1.000000
1705.806000	1.000000
1706.825000	1.000000
1707.844000	1.000000
1708.863000	1.000000
1709.882000	1.000000
1710.901000	1.000000
1711.920000	1.000000
1712.939000	1.000000
1713.958000	1.000000
1714.977000	1.000000
1715.996000	1.000000
1717.015000	1.000000
1718.034000	1.000000
1719.053000	1.000000
1720.072000	1.000000
1721.091000	1.000000
1722.110000	1.000000
1723.129000	1.000000
1724.148000	1.000000
1725.167000	1.000000
1726.186000	1.000000
1727.205000	1.000000
1728.224000	1.000000
1729.243000	1.000000
1730.262000	1.000000
1731.281000	1.000000
1732.300000	1.000000
1733.319000	1.000000
1734.338000	1.000000
1735.357000	1.000000
1736.376000	1.000000
1737.395000	1.000000
1738.414000	1.000000
1739.433000	1.000000
1740.452000	1.000000
1741.471000	1.000000
1742.490000	1.000000
1743.509000	1.000000
1744.528000	1.000000
1745.547000	1.000000
1746.566000	1.000000
1747.585000	1.000000
1748.604000	1.000000
1749.623000	1.000000
1750.642000	1.000000
1751.661000	1.000000
1752.680000	1.000000
1753.699000	1.000000
1754.718000	1.000000
1755.737000	1.000000
1756.756000	1.000000
1757.775000	1.000000
1758.794000	1.000000
1759.813000	1.000000
1760.832000	1.000000
1761.851000	1.000000
1762.870000	1.000000
1763.889000	1.000000
1764.908000	1.000000
1765.927000	1.000000
1766.946000	1.000000
1767.965000	1.000000
1768.984000	1.000000
1770.003000	1.000000
1771.022000	1.000000
1772.041000	1.000000
1773.060000	1.000000
1774.079000	1.000000
1775.098000	1.000000
1776.117000	1.000000
1777.136000	1.000000
1778.155000	1.000000
1779.174000	1.000000
1780.193000	1.000000
1781.212000	1.000000
1782.231000	1.000000
1783.250000	1.000000
1784.269000	1.000000
1785.288000	1.000000
1786.307000	1.000000
1787.326000	1.000000
1788.345000	1.000000
1789.364000	1.000000
1790.383000	1.000000
1791.402000	1.000000
1792.421000	1.000000
1793.440000	1.000000
1794.459000	1.000000
1795.478000	1.000000
1796.497000	1.000000
1797.516000	1.000000
1798.535000	1.000000
1799.554000	1.000000
1800.573000	1.000000
1801.592000	1.000000
1802.611000	1.000000
1803.630000	1.000000
1804.649000	1.000000
1805.668000	1.000000
1806.687000	1.000000
1807.706000	1.000000
1808.725000	1.000000
1809.744000	1.000000
1810.763000	1.000000
1811.782000	1.000000
1812.801000	1.000000
1813.820000	1.000000
1814.839000	1.000000
1815.858000	1.000000
1816.877000	1.000000
1817.896000	1.000000
1818.915000	1.000000
1819.934000	1.000000
1820.953000	1.000000
1821.972000	1.000000
1822.991000	1.000000
1824.010000	1.000000
1825.029000	1.000000
1826.048000	1.000000
1827.067000	1.000000
1828.086000	1.000000
1829.105000	1.000000
1830.124000	1.000000
1831.143000	1.000000
1832.162000	1.000000
1833.181000	1.000000
1834.200000	1.000000
1835.219000	1.000000
1836.238000	1.000000
1837.257000	1.000000
1838.276000	1.000000
1839.295000	1.000000
1840.314000	1.000000
1841.333000	1.000000
1842.352000	1.000000
1843.371000	1.000000
1844.390000	1.000000
1845.409000	1.000000
1846.428000	1.000000
1847.447000	1.000000
1848.466000	1.000000
1849.485000	1.000000
1850.504000	1.000000
1851.523000	1.000000
1852.542000	1.000000
1853.561000	1.000000
1854.580000	1.000000
1855.599000	1.000000
1856.618000	1.000000
1857.637000	1.000000
1858.656000	1.000000
1859.675000	1.000000
1860.694000	1.000000
1861.713000	1.000000
1862.732000	1.000000
1863.751000	1.000000
1864.770000	1.000000
1865.789000	1.000000
1866.808000	1.000000
1867.827000	1.000000
1868.846000	1.000000
1869.865000	1.000000
1870.884000	1.000000
1871.903000	1.000000
1872.922000	1.000000
1873.941000	1.000000
1874.960000	1.000000
1875.979000	1.000000
1876.998000	1.000000
1878.017000	1.000000
1879.036000	1.000000
1880.055000	1.000000
1881.074000	1.000000
1882.093000	1.000000
1883.112000	1.000000
1884.131000	1.000000
1885.150000	1.000000
1886.169000	1.000000
1887.188000	1.000000
1888.207000	1.000000
1889.226000	1.000000
1890.245000	1.000000
1891.264000	1.000000
1892.283000	1.000000
1893.302000	1.000000
1894.321000	1.000000
1895.340000	1.000000
1896.359000	1.000000
1897.378000	1.000000
1898.397000	1.000000
1899.416000	1.000000
1900.435000	1.000000
1901.454000	1.000000
1902.473000	1.000000
1903.492000	1.000000
1904.511000	1.000000
1905.530000	1.000000
1906.549000	1.000000
1907.568000	1.000000
1908.587000	1.000000
1909.606000	1.000000
1910.625000	1.000000
1911.644000	1.000000
1912.663000	1.000000
1913.682000	1.000000
1914.701000	1.000000
1915.720000	1.000000
1916.739000	1.000000
1917.758000	1.000000
1918.777000	1.000000
1919.796000	1.000000
1920.815000	1.000000
1921.834000	1.000000
1922.853000	1.000000
1923.872000	1.000000
1924.891000	1.000000
1925.910000	1.000000
1926.929000	1.000000
1927.948000	1.000000
1928.967000	1.000000
1929.986000	1.000000
1931.005000	1.000000
1932.024000	1.000000
1933.043000	1.000000
1934.062000	1.000000
1935.081000	1.000000
1936.100000	1.000000
1937.119000	1.000000
1938.138000	1.000000
1939.157000	1.000000
1940.176000	1.000000
1941.195000	1.000000
1942.214000	1.000000
1943.233000	1.000000
1944.252000	1.000000
1945.271000	1.000000
1946.290000	1.000000
1947.309000	1.000000
1948.328000	1.000000
1949.347000	1.000000
1950.366000	1.000000
1951.385000	1.000000
1952.404000	1.000000
1953.423000	1.000000
1954.442000	1.000000
1955.461000	1.000000
1956.480000	1.000000
1957.499000	1.000000
1958.518000	1.000000
1959.537000	1.000000
1960.556000	1.000000
1961.575000	1.000000
1962.594000	1.000000
1963.613000	1.000000
1964.632000	1.000000
1965.651000	1.000000
1966.670000	1.000000
1967.689000	1.000000
1968.708000	1.000000
1969.727000	1.000000
1970.746000	1.000000
1971.765000	1.000000
1972.784000	1.000000
1973.803000	1.000000
1974.822000	1.000000
1975.841000	1.000000
1976.860000	1.000000
1977.879000	1.000000
1978.898000	1.000000
1979.917000	1.000000
1980.936000	1.000000
1981.955000	1.000000
1982.974000	1.000000
1983.993000	1.000000
1985.012000	1.000000
1986.031000	1.000000
1987.050000	1.000000
1988.069000	1.000000
1989.088000	1.000000
1990.107000	1.000000
1991.126000	1.000000
1992.145000	1.000000
1993.164000	1.000000
1994.183000	1.000000
1995.202000	1.000000
1996.221000	1.000000
1997.240000	1.000000
1998.259000	1.000000
1999.278000	1.000000
2000.297000	1.000000
2001.316000	1.000000
2002.335000	1.000000
2003.354000	1.000000
2004.373000	1.000000
2005.392000	1.000000
2006.411000	1.000000
2007.430000	1.000000
2008.449000	1.000000
2009.468000	1.000000
2010.487000	1.000000
2011.506000	1.000000
2012.525000	1.000000
2013.544000	1.000000
2014.563000	1.000000
2015.582000	1.000000
2016.601000	1.000000
2017.620000	1.000000
2018.639000	1.000000
2019.658000	1.000000
2020.677000	1.000000
2021.696000	1.000000
2022.715000	1.000000
2023.734000	1.000000
2024.753000	1.000000
2025.772000	1.000000
2026.791000	1.000000
2027.810000	1.000000
2028.829000	1.000000
2029.848000	1.000000
2030.867000	1.000000
2031.886000	1.000000
2032.905000	1.000000
2033.924000	1.000000
2034.943000	1.000000
2035.962000	1.000000
2036.981000	1.000000
2038.000000	1.000000
2039.019000	1.000000
2040.038000	1.000000
2041.057000	1.000000
2042.076000	1.000000
2043.095000	1.000000
2044.114000	1.000000
2045.133000	1.000000
2046.152000	1.000000
2047.171000	1.000000
2048.190000	1.000000
2049.209000	1.000000
2050.228000	1.000000
2051.247000	1.000000
2052.266000	1.000000
2053.285000	1.000000
2054.304000	1.000000
2055.323000	1.000000
2056.342000	1.000000
2057.361000	1.000000
2058.380000	1.000000
2059.399000	1.000000
2060.418000	1.000000
2061.437000	1.000000
2062.456000	1.000000
2063.475000	1.000000
2064.494000	1.000000
2065.513000	1.000000
2066.532000	1.000000
2067.551000	1.000000
2068.570000	1.000000
2069.589000	1.000000
2070.608000	1.000000
2071.627000	1.000000
2072.646000	1.000000
2073.665000	1.000000
2074.684000	1.000000
2075.703000	1.000000
2076.722000	1.000000
2077.741000	1.000000
2078.760000	1.000000
2079.779000	1.000000
2080.798000	1.000000
2081.817000	1.000000
2082.836000	1.000000
2083.855000	1.000000
2084.874000	1.000000
2085.893000	1.000000
